0, 0.0213972673369
1, 0.0262954369683
2, 0.0226862593452
3, 0.00335137922145
4, 0.0211394689353
5, 0.0219128641402
6, 0.0216550657386
7, 0.0232018561485
8, 0.0237174529518
9, 0.0077339520495
10, 0.00902294405775
11, 0.00592936323795
12, 0.00541376643465
13, 0.00953854086105
14, 0.0273266305749
15, 0.0072183552462
16, 0.0072183552462
17, 0.0224284609435
18, 0.0247486465584
19, 0.0100541376643
20, 0.0072183552462
21, 0.0268110337716
22, 0.0244908481567
23, 0.0244908481567
24, 0.0232018561485
25, 0.020623872132
26, 0.0195926785254
27, 0.00902294405775
28, 0.0221706625419
29, 0.0203660737303
30, 0.0224284609435
31, 0.00747615364785
32, 0.0082495488528
33, 0.0229440577468
34, 0.00180458881155
35, 0.00747615364785
36, 0.0015467904099
37, 0.0164990977056
38, 0.00335137922145
39, 0.0281000257798
40, 0.0077339520495
41, 0.00180458881155
42, 0.0252642433617
43, 0.0061871616396
44, 0.0201082753287
45, 0.00747615364785
46, 0.00128899200825
47, 0.00747615364785
48, 0.0190770817221
49, 0.00438257282805
50, 0.0077339520495
51, 0.00438257282805
52, 0.0152101056973
53, 0.0237174529518
54, 0.00799175045115
55, 0.00232018561485
56, 0.0221706625419
57, 0.0077339520495
58, 0.00283578241815
59, 0.00128899200825
60, 0.00489816963135
61, 0.0242330497551
62, 0.0072183552462
63, 0.0005155968033
64, 0.0268110337716
65, 0.00644496004125
66, 0.00438257282805
67, 0.00747615364785
68, 0.0190770817221
69, 0.019850476927
70, 0.0025779840165
71, 0.0232018561485
72, 0.0067027584429
73, 0.0244908481567
74, 0.0097963392627
75, 0.00747615364785
76, 0.0242330497551
77, 0.00850734725445
78, 0.0025779840165
79, 0.0020623872132
80, 0.0152101056973
81, 0.00283578241815
82, 0.0036091776231
83, 0.0061871616396
84, 0.0077339520495
85, 0.0242330497551
86, 0.00541376643465
87, 0.0100541376643
88, 0.0077339520495
89, 0.020623872132
90, 0.00747615364785
91, 0.0072183552462
92, 0.0229440577468
93, 0.0077339520495
94, 0.0216550657386
95, 0.0067027584429
96, 0.00335137922145
97, 0.00696055684455
98, 0.0201082753287
99, 0.0087651456561
100, 0.0020623872132
101, 0.00180458881155
102, 0.0237174529518
103, 0.00180458881155
104, 0.0234596545501
105, 0.0244908481567
106, 0.0219128641402
107, 0.0221706625419
108, 0.00799175045115
109, 0.0234596545501
110, 0.0237174529518
111, 0.0046403712297
112, 0.0072183552462
113, 0.0025779840165
114, 0.0067027584429
115, 0.00696055684455
116, 0.02500644496
117, 0.0010311936066
118, 0.0237174529518
119, 0.0025779840165
120, 0.00902294405775
121, 0.0061871616396
122, 0.0221706625419
123, 0.00283578241815
124, 0.0082495488528
125, 0.00850734725445
126, 0.0185614849188
127, 0.0229440577468
128, 0.0118587264759
129, 0.0082495488528
130, 0.00644496004125
131, 0.0061871616396
132, 0.00850734725445
133, 0.0201082753287
134, 0.010311936066
135, 0.00335137922145
136, 0.00696055684455
137, 0.00592936323795
138, 0.0224284609435
139, 0.00438257282805
140, 0.0221706625419
141, 0.0020623872132
142, 0.0030935808198
143, 0.0061871616396
144, 0.0260376385666
145, 0.00077339520495
146, 0.00128899200825
147, 0.0232018561485
148, 0.0188192833204
149, 0.0036091776231
150, 0.0221706625419
151, 0.0244908481567
152, 0.00953854086105
153, 0.00799175045115
154, 0.0092807424594
155, 0.0067027584429
156, 0.00180458881155
157, 0.0030935808198
158, 0.00799175045115
159, 0.00799175045115
160, 0.0208816705336
161, 0.0077339520495
162, 0.00283578241815
163, 0.010311936066
164, 0.00592936323795
165, 0.0237174529518
166, 0.0239752513534
167, 0.0046403712297
168, 0.0213972673369
169, 0.0211394689353
170, 0.0252642433617
171, 0.0108275328693
172, 0.019850476927
173, 0.00696055684455
174, 0.00335137922145
175, 0.0242330497551
176, 0.0097963392627
177, 0.0020623872132
178, 0.0252642433617
179, 0.00850734725445
180, 0.0229440577468
181, 0.0219128641402
182, 0.0061871616396
183, 0.0072183552462
184, 0.0082495488528
185, 0.00386697602475
186, 0.00799175045115
187, 0.0242330497551
188, 0.0082495488528
189, 0.00747615364785
190, 0.0237174529518
191, 0.00592936323795
192, 0.00592936323795
193, 0.0193348801237
194, 0.0082495488528
195, 0.0195926785254
196, 0.0208816705336
197, 0.0216550657386
198, 0.0188192833204
199, 0.00335137922145
200, 0.0077339520495
201, 0.0244908481567
202, 0.0224284609435
203, 0.0265532353699
204, 0.0082495488528
205, 0.010311936066
206, 0.00747615364785
207, 0.0067027584429
208, 0.0260376385666
209, 0.0203660737303
210, 0.0242330497551
211, 0.0025779840165
212, 0.0226862593452
213, 0.0244908481567
214, 0.0020623872132
215, 0.0278422273782
216, 0.0077339520495
217, 0.0061871616396
218, 0.0015467904099
219, 0.0237174529518
220, 0.00696055684455
221, 0.00747615364785
222, 0.0067027584429
223, 0.00747615364785
224, 0.0232018561485
225, 0.0221706625419
226, 0.0067027584429
227, 0.00747615364785
228, 0.0020623872132
229, 0.00850734725445
230, 0.0097963392627
231, 0.0201082753287
232, 0.0221706625419
233, 0.0077339520495
234, 0.0229440577468
235, 0.0213972673369
236, 0.0234596545501
237, 0.0113431296726
238, 0.00902294405775
239, 0.0061871616396
240, 0.00386697602475
241, 0.0087651456561
242, 0.0005155968033
243, 0.0201082753287
244, 0.015467904099
245, 0.0193348801237
246, 0.00128899200825
247, 0.00696055684455
248, 0.00799175045115
249, 0.0226862593452
250, 0.0010311936066
251, 0.0172724929105
252, 0.0087651456561
253, 0.0252642433617
254, 0.0082495488528
255, 0.00644496004125
256, 0.0061871616396
257, 0.0061871616396
258, 0.0193348801237
259, 0.0077339520495
260, 0.00386697602475
261, 0.00335137922145
262, 0.0175302913122
263, 0.0201082753287
264, 0.0061871616396
265, 0.0216550657386
266, 0.020623872132
267, 0.00489816963135
268, 0.0046403712297
269, 0.0224284609435
270, 0.0255220417633
271, 0.0219128641402
272, 0.0105697344676
273, 0.0221706625419
274, 0.0087651456561
275, 0.0221706625419
276, 0.0234596545501
277, 0.0087651456561
278, 0.0242330497551
279, 0.0077339520495
280, 0.00799175045115
281, 0.025779840165
282, 0.00128899200825
283, 0.0183036865171
284, 0.010311936066
285, 0.005155968033
286, 0.00335137922145
287, 0.0239752513534
288, 0.00489816963135
289, 0.00335137922145
290, 0.00850734725445
291, 0.0242330497551
292, 0.0105697344676
293, 0.0005155968033
294, 0.0185614849188
295, 0.0072183552462
296, 0.0100541376643
297, 0.0265532353699
298, 0.00799175045115
299, 0.0208816705336
300, 0.00747615364785
301, 0.0072183552462
302, 0.0244908481567
303, 0.0041247744264
304, 0.0092807424594
305, 0.00799175045115
306, 0.0082495488528
307, 0.02500644496
308, 0.00799175045115
309, 0.0232018561485
310, 0.0087651456561
311, 0.0275844289765
312, 0.0067027584429
313, 0.0193348801237
314, 0.0030935808198
315, 0.0242330497551
316, 0.00747615364785
317, 0.0208816705336
318, 0.0092807424594
319, 0.0221706625419
320, 0.0072183552462
321, 0.0270688321732
322, 0.0097963392627
323, 0.0082495488528
324, 0.0208816705336
325, 0.0242330497551
326, 0.00902294405775
327, 0.0224284609435
328, 0.0221706625419
329, 0.0224284609435
330, 0.00747615364785
331, 0.0105697344676
332, 0.0082495488528
333, 0.00386697602475
334, 0.020623872132
335, 0.0067027584429
336, 0.00799175045115
337, 0.0036091776231
338, 0.00438257282805
339, 0.0020623872132
340, 0.0087651456561
341, 0.00696055684455
342, 0.00953854086105
343, 0.0213972673369
344, 0.00850734725445
345, 0.00335137922145
346, 0.0232018561485
347, 0.00953854086105
348, 0.0020623872132
349, 0.0213972673369
350, 0.0244908481567
351, 0.00644496004125
352, 0.0216550657386
353, 0.0061871616396
354, 0.0239752513534
355, 0.00902294405775
356, 0.00489816963135
357, 0.00799175045115
358, 0.00850734725445
359, 0.00696055684455
360, 0.0211394689353
361, 0.00747615364785
362, 0.0072183552462
363, 0.0211394689353
364, 0.00592936323795
365, 0.0208816705336
366, 0.0221706625419
367, 0.00335137922145
368, 0.0239752513534
369, 0.0252642433617
370, 0.0211394689353
371, 0.0234596545501
372, 0.0226862593452
373, 0.0077339520495
374, 0.0067027584429
375, 0.020623872132
376, 0.0211394689353
377, 0.00232018561485
378, 0.0226862593452
379, 0.0229440577468
380, 0.0216550657386
381, 0.0255220417633
382, 0.00747615364785
383, 0.0077339520495
384, 0.0229440577468
385, 0.020623872132
386, 0.0020623872132
387, 0.00953854086105
388, 0.00335137922145
389, 0.00283578241815
390, 0.0224284609435
391, 0.0234596545501
392, 0.0030935808198
393, 0.0100541376643
394, 0.005155968033
395, 0.0087651456561
396, 0.0216550657386
397, 0.0224284609435
398, 0.0061871616396
399, 0.0219128641402
400, 0.00747615364785
401, 0.0072183552462
402, 0.00747615364785
403, 0.0221706625419
404, 0.0087651456561
405, 0.0244908481567
406, 0.0221706625419
407, 0.0082495488528
408, 0.0242330497551
409, 0.0226862593452
410, 0.0234596545501
411, 0.005155968033
412, 0.0216550657386
413, 0.00799175045115
414, 0.0260376385666
415, 0.00386697602475
416, 0.0092807424594
417, 0.00335137922145
418, 0.0030935808198
419, 0.0020623872132
420, 0.0020623872132
421, 0.0067027584429
422, 0.00799175045115
423, 0.0252642433617
424, 0.0067027584429
425, 0.0190770817221
426, 0.0087651456561
427, 0.00696055684455
428, 0.00283578241815
429, 0.019850476927
430, 0.0244908481567
431, 0.00644496004125
432, 0.00592936323795
433, 0.0232018561485
434, 0.0041247744264
435, 0.0219128641402
436, 0.0092807424594
437, 0.00232018561485
438, 0.0226862593452
439, 0.0092807424594
440, 0.00799175045115
441, 0.0262954369683
442, 0.00953854086105
443, 0.00696055684455
444, 0.0224284609435
445, 0.0020623872132
446, 0.025779840165
447, 0.00850734725445
448, 0.0015467904099
449, 0.0030935808198
450, 0.00696055684455
451, 0.00180458881155
452, 0.0232018561485
453, 0.0030935808198
454, 0.00180458881155
455, 0.0188192833204
456, 0.0036091776231
457, 0.010311936066
458, 0.0219128641402
459, 0.0067027584429
460, 0.00283578241815
461, 0.00386697602475
462, 0.0077339520495
463, 0.0190770817221
464, 0.0087651456561
465, 0.0087651456561
466, 0.0242330497551
467, 0.00953854086105
468, 0.0219128641402
469, 0.0234596545501
470, 0.0237174529518
471, 0.00696055684455
472, 0.0087651456561
473, 0.0219128641402
474, 0.0067027584429
475, 0.0110853312709
476, 0.0092807424594
477, 0.00799175045115
478, 0.0072183552462
479, 0.00644496004125
480, 0.00696055684455
481, 0.0061871616396
482, 0.0067027584429
483, 0.0077339520495
484, 0.0219128641402
485, 0.0056715648363
486, 0.0010311936066
487, 0.0213972673369
488, 0.020623872132
489, 0.00283578241815
490, 0.0041247744264
491, 0.00489816963135
492, 0.00747615364785
493, 0.0077339520495
494, 0.0036091776231
495, 0.0092807424594
496, 0.00644496004125
497, 0.00232018561485
498, 0.010311936066
499, 0.0219128641402
500, 0.0211394689353
501, 0.0056715648363
502, 0.00799175045115
503, 0.0025779840165
504, 0.0077339520495
505, 0.0036091776231
506, 0.0097963392627
507, 0.0067027584429
508, 0.0219128641402
509, 0.0216550657386
510, 0.019850476927
511, 0.00283578241815
512, 0.00077339520495
513, 0.0077339520495
514, 0.00128899200825
515, 0.0092807424594
516, 0.0221706625419
517, 0.0247486465584
518, 0.00644496004125
519, 0.00747615364785
520, 0.0067027584429
521, 0.0237174529518
522, 0.0193348801237
523, 0.0030935808198
524, 0.019850476927
525, 0.00335137922145
526, 0.0097963392627
527, 0.0077339520495
528, 0.00283578241815
529, 0.0087651456561
530, 0.025779840165
531, 0.0025779840165
532, 0.0213972673369
533, 0.0082495488528
534, 0.0239752513534
535, 0.0211394689353
536, 0.0216550657386
537, 0.0281000257798
538, 0.00644496004125
539, 0.00644496004125
540, 0.00283578241815
541, 0.0219128641402
542, 0.00592936323795
543, 0.00644496004125
544, 0.00902294405775
545, 0.0190770817221
546, 0.00953854086105
547, 0.0188192833204
548, 0.0077339520495
549, 0.00747615364785
550, 0.0262954369683
551, 0.00747615364785
552, 0.0092807424594
553, 0.005155968033
554, 0.0237174529518
555, 0.00438257282805
556, 0.0234596545501
557, 0.00747615364785
558, 0.0015467904099
559, 0.00128899200825
560, 0.0020623872132
561, 0.0100541376643
562, 0.0219128641402
563, 0.0067027584429
564, 0.0193348801237
565, 0.0077339520495
566, 0.00799175045115
567, 0.0072183552462
568, 0.019850476927
569, 0.00902294405775
570, 0.00644496004125
571, 0.00953854086105
572, 0.019850476927
573, 0.0195926785254
574, 0.00180458881155
575, 0.00747615364785
576, 0.0247486465584
577, 0.00335137922145
578, 0.0216550657386
579, 0.00747615364785
580, 0.00592936323795
581, 0.0221706625419
582, 0.0201082753287
583, 0.0067027584429
584, 0.019850476927
585, 0.0201082753287
586, 0.020623872132
587, 0.00335137922145
588, 0.0097963392627
589, 0.00541376643465
590, 0.0224284609435
591, 0.0092807424594
592, 0.0177880897138
593, 0.00283578241815
594, 0.0208816705336
595, 0.0216550657386
596, 0.00644496004125
597, 0.00902294405775
598, 0.0268110337716
599, 0.00696055684455
600, 0.0030935808198
601, 0.0216550657386
602, 0.0030935808198
603, 0.0072183552462
604, 0.00953854086105
605, 0.0097963392627
606, 0.0224284609435
607, 0.00232018561485
608, 0.02500644496
609, 0.0030935808198
610, 0.00644496004125
611, 0.0067027584429
612, 0.0237174529518
613, 0.0175302913122
614, 0.0077339520495
615, 0.00799175045115
616, 0.0226862593452
617, 0.0067027584429
618, 0.0234596545501
619, 0.0229440577468
620, 0.0030935808198
621, 0.00953854086105
622, 0.0087651456561
623, 0.00799175045115
624, 0.0208816705336
625, 0.0224284609435
626, 0.00799175045115
627, 0.0072183552462
628, 0.0030935808198
629, 0.0067027584429
630, 0.0020623872132
631, 0.0077339520495
632, 0.0216550657386
633, 0.0020623872132
634, 0.0226862593452
635, 0.00747615364785
636, 0.0067027584429
637, 0.00850734725445
638, 0.0036091776231
639, 0.0036091776231
640, 0.00077339520495
641, 0.0216550657386
642, 0.0260376385666
643, 0.0224284609435
644, 0.00232018561485
645, 0.0082495488528
646, 0.0082495488528
647, 0.0025779840165
648, 0.0077339520495
649, 0.0030935808198
650, 0.00799175045115
651, 0.0105697344676
652, 0.00953854086105
653, 0.00335137922145
654, 0.00644496004125
655, 0.0116009280742
656, 0.0265532353699
657, 0.0072183552462
658, 0.0061871616396
659, 0.0030935808198
660, 0.0067027584429
661, 0.0020623872132
662, 0.0252642433617
663, 0.0193348801237
664, 0.0030935808198
665, 0.00799175045115
666, 0.0072183552462
667, 0.0020623872132
668, 0.0221706625419
669, 0.00232018561485
670, 0.0030935808198
671, 0.0237174529518
672, 0.0237174529518
673, 0.00696055684455
674, 0.0067027584429
675, 0.0087651456561
676, 0.00850734725445
677, 0.0067027584429
678, 0.00644496004125
679, 0.0201082753287
680, 0.00747615364785
681, 0.0077339520495
682, 0.0025779840165
683, 0.0067027584429
684, 0.00953854086105
685, 0.00283578241815
686, 0.00799175045115
687, 0.0067027584429
688, 0.0237174529518
689, 0.0077339520495
690, 0.0242330497551
691, 0.0077339520495
692, 0.00850734725445
693, 0.0219128641402
694, 0.0190770817221
695, 0.0100541376643
696, 0.0201082753287
697, 0.0077339520495
698, 0.0067027584429
699, 0.00747615364785
700, 0.0087651456561
701, 0.0221706625419
702, 0.0221706625419
703, 0.0030935808198
704, 0.00283578241815
705, 0.00850734725445
706, 0.0072183552462
707, 0.0221706625419
708, 0.0232018561485
709, 0.00902294405775
710, 0.0242330497551
711, 0.00850734725445
712, 0.0082495488528
713, 0.0056715648363
714, 0.00850734725445
715, 0.0239752513534
716, 0.00077339520495
717, 0.0015467904099
718, 0.00902294405775
719, 0.0244908481567
720, 0.00232018561485
721, 0.0213972673369
722, 0.0046403712297
723, 0.0203660737303
724, 0.0015467904099
725, 0.0030935808198
726, 0.0061871616396
727, 0.00128899200825
728, 0.0082495488528
729, 0.00850734725445
730, 0.0216550657386
731, 0.00232018561485
732, 0.0056715648363
733, 0.0072183552462
734, 0.00644496004125
735, 0.0061871616396
736, 0.0072183552462
737, 0.00696055684455
738, 0.0061871616396
739, 0.005155968033
740, 0.00953854086105
741, 0.0015467904099
742, 0.0203660737303
743, 0.0219128641402
744, 0.00902294405775
745, 0.0188192833204
746, 0.00953854086105
747, 0.0211394689353
748, 0.02500644496
749, 0.0201082753287
750, 0.0082495488528
751, 0.00644496004125
752, 0.0067027584429
753, 0.005155968033
754, 0.020623872132
755, 0.0087651456561
756, 0.0010311936066
757, 0.00850734725445
758, 0.0237174529518
759, 0.00902294405775
760, 0.00283578241815
761, 0.0025779840165
762, 0.0061871616396
763, 0.0092807424594
764, 0.0020623872132
765, 0.0067027584429
766, 0.00386697602475
767, 0.00696055684455
768, 0.0213972673369
769, 0.0067027584429
770, 0.005155968033
771, 0.0260376385666
772, 0.00747615364785
773, 0.0020623872132
774, 0.00128899200825
775, 0.0213972673369
776, 0.00283578241815
777, 0.0232018561485
778, 0.0188192833204
779, 0.0056715648363
780, 0.00025779840165
781, 0.00799175045115
782, 0.00644496004125
783, 0.0097963392627
784, 0.00644496004125
785, 0.0056715648363
786, 0.00128899200825
787, 0.0201082753287
788, 0.0077339520495
789, 0.00747615364785
790, 0.0216550657386
791, 0.0092807424594
792, 0.0061871616396
793, 0.00180458881155
794, 0.00386697602475
795, 0.0092807424594
796, 0.0221706625419
797, 0.00696055684455
798, 0.0232018561485
799, 0.0193348801237
800, 0.0237174529518
801, 0.0239752513534
802, 0.0025779840165
803, 0.0015467904099
804, 0.0082495488528
805, 0.0097963392627
806, 0.00283578241815
807, 0.0195926785254
808, 0.00747615364785
809, 0.00283578241815
810, 0.0216550657386
811, 0.00180458881155
812, 0.00335137922145
813, 0.00696055684455
814, 0.0247486465584
815, 0.0224284609435
816, 0.0195926785254
817, 0.0216550657386
818, 0.0252642433617
819, 0.00902294405775
820, 0.00799175045115
821, 0.0087651456561
822, 0.0219128641402
823, 0.0005155968033
824, 0.0180458881155
825, 0.0082495488528
826, 0.0244908481567
827, 0.0087651456561
828, 0.00799175045115
829, 0.0260376385666
830, 0.0030935808198
831, 0.00902294405775
832, 0.00747615364785
833, 0.0061871616396
834, 0.0213972673369
835, 0.0072183552462
836, 0.00438257282805
837, 0.0232018561485
838, 0.0087651456561
839, 0.0015467904099
840, 0.0087651456561
841, 0.00902294405775
842, 0.0255220417633
843, 0.00335137922145
844, 0.0216550657386
845, 0.019850476927
846, 0.00747615364785
847, 0.0087651456561
848, 0.025779840165
849, 0.0072183552462
850, 0.0229440577468
851, 0.0061871616396
852, 0.00438257282805
853, 0.0244908481567
854, 0.0219128641402
855, 0.0025779840165
856, 0.005155968033
857, 0.00799175045115
858, 0.0092807424594
859, 0.0110853312709
860, 0.0082495488528
861, 0.0237174529518
862, 0.0221706625419
863, 0.00386697602475
864, 0.00180458881155
865, 0.0255220417633
866, 0.0015467904099
867, 0.0015467904099
868, 0.00077339520495
869, 0.00747615364785
870, 0.02500644496
871, 0.0030935808198
872, 0.0221706625419
873, 0.0061871616396
874, 0.0041247744264
875, 0.00592936323795
876, 0.0025779840165
877, 0.0219128641402
878, 0.0067027584429
879, 0.0056715648363
880, 0.00953854086105
881, 0.0036091776231
882, 0.00850734725445
883, 0.00850734725445
884, 0.00335137922145
885, 0.00799175045115
886, 0.00747615364785
887, 0.00747615364785
888, 0.0036091776231
889, 0.00077339520495
890, 0.0082495488528
891, 0.0208816705336
892, 0.00902294405775
893, 0.00644496004125
894, 0.0278422273782
895, 0.0244908481567
896, 0.0030935808198
897, 0.0213972673369
898, 0.0232018561485
899, 0.00644496004125
900, 0.0067027584429
901, 0.0226862593452
902, 0.0213972673369
903, 0.0087651456561
904, 0.00644496004125
905, 0.0067027584429
906, 0.0232018561485
907, 0.00180458881155
908, 0.0208816705336
909, 0.00747615364785
910, 0.0020623872132
911, 0.00696055684455
912, 0.0030935808198
913, 0.00180458881155
914, 0.0216550657386
915, 0.00283578241815
916, 0.0077339520495
917, 0.0208816705336
918, 0.0015467904099
919, 0.00232018561485
920, 0.0067027584429
921, 0.0213972673369
922, 0.0072183552462
923, 0.0092807424594
924, 0.0239752513534
925, 0.0234596545501
926, 0.0213972673369
927, 0.0237174529518
928, 0.00799175045115
929, 0.0185614849188
930, 0.0072183552462
931, 0.0211394689353
932, 0.005155968033
933, 0.00799175045115
934, 0.00180458881155
935, 0.0219128641402
936, 0.0092807424594
937, 0.00953854086105
938, 0.0278422273782
939, 0.025779840165
940, 0.0208816705336
941, 0.0020623872132
942, 0.0247486465584
943, 0.0092807424594
944, 0.0025779840165
945, 0.0056715648363
946, 0.00541376643465
947, 0.0100541376643
948, 0.0020623872132
949, 0.0244908481567
950, 0.00902294405775
951, 0.0082495488528
952, 0.00644496004125
953, 0.00902294405775
954, 0.00747615364785
955, 0.0036091776231
956, 0.0015467904099
957, 0.00644496004125
958, 0.0020623872132
959, 0.00953854086105
960, 0.0242330497551
961, 0.0020623872132
962, 0.00747615364785
963, 0.0255220417633
964, 0.0046403712297
965, 0.0082495488528
966, 0.0005155968033
967, 0.0072183552462
968, 0.0030935808198
969, 0.0262954369683
970, 0.0226862593452
971, 0.0072183552462
972, 0.00850734725445
973, 0.00953854086105
974, 0.0234596545501
975, 0.00902294405775
976, 0.0067027584429
977, 0.0087651456561
978, 0.0036091776231
979, 0.0082495488528
980, 0.0077339520495
981, 0.0025779840165
982, 0.00799175045115
983, 0.00850734725445
984, 0.0105697344676
985, 0.0072183552462
986, 0.0041247744264
987, 0.0072183552462
988, 0.00850734725445
989, 0.0131477184841
990, 0.0061871616396
991, 0.0082495488528
992, 0.00592936323795
993, 0.0092807424594
994, 0.0226862593452
995, 0.0097963392627
996, 0.00232018561485
997, 0.0061871616396
998, 0.0105697344676
999, 0.0239752513534
1000, 0.0229440577468
1001, 0.00335137922145
1002, 0.0208816705336
1003, 0.0201082753287
1004, 0.0219128641402
1005, 0.00696055684455
1006, 0.0213972673369
1007, 0.0216550657386
1008, 0.0030935808198
1009, 0.00232018561485
1010, 0.0244908481567
1011, 0.0015467904099
1012, 0.00592936323795
1013, 0.00850734725445
1014, 0.0067027584429
1015, 0.0092807424594
1016, 0.00696055684455
1017, 0.00747615364785
1018, 0.0025779840165
1019, 0.0072183552462
1020, 0.0056715648363
1021, 0.010311936066
1022, 0.0237174529518
1023, 0.00386697602475
1024, 0.00232018561485
1025, 0.0025779840165
1026, 0.00592936323795
1027, 0.0213972673369
1028, 0.00644496004125
1029, 0.0221706625419
1030, 0.0226862593452
1031, 0.0213972673369
1032, 0.0015467904099
1033, 0.0061871616396
1034, 0.00128899200825
1035, 0.00850734725445
1036, 0.0030935808198
1037, 0.00799175045115
1038, 0.0020623872132
1039, 0.0067027584429
1040, 0.0082495488528
1041, 0.0067027584429
1042, 0.0252642433617
1043, 0.0237174529518
1044, 0.0262954369683
1045, 0.00232018561485
1046, 0.00438257282805
1047, 0.0201082753287
1048, 0.0183036865171
1049, 0.0020623872132
1050, 0.00438257282805
1051, 0.0072183552462
1052, 0.0082495488528
1053, 0.0005155968033
1054, 0.0239752513534
1055, 0.00180458881155
1056, 0.00232018561485
1057, 0.00592936323795
1058, 0.0010311936066
1059, 0.0077339520495
1060, 0.010311936066
1061, 0.0216550657386
1062, 0.00592936323795
1063, 0.0097963392627
1064, 0.0105697344676
1065, 0.00541376643465
1066, 0.0193348801237
1067, 0.0224284609435
1068, 0.0025779840165
1069, 0.0237174529518
1070, 0.00232018561485
1071, 0.00283578241815
1072, 0.0092807424594
1073, 0.00232018561485
1074, 0.00541376643465
1075, 0.0030935808198
1076, 0.0036091776231
1077, 0.0190770817221
1078, 0.0030935808198
1079, 0.0015467904099
1080, 0.0097963392627
1081, 0.00335137922145
1082, 0.00438257282805
1083, 0.0077339520495
1084, 0.0097963392627
1085, 0.0061871616396
1086, 0.0077339520495
1087, 0.0082495488528
1088, 0.0100541376643
1089, 0.0077339520495
1090, 0.0229440577468
1091, 0.0072183552462
1092, 0.0226862593452
1093, 0.0061871616396
1094, 0.00902294405775
1095, 0.0092807424594
1096, 0.0046403712297
1097, 0.0226862593452
1098, 0.0216550657386
1099, 0.0015467904099
1100, 0.0242330497551
1101, 0.0077339520495
1102, 0.00953854086105
1103, 0.0025779840165
1104, 0.00696055684455
1105, 0.010311936066
1106, 0.0020623872132
1107, 0.00747615364785
1108, 0.0067027584429
1109, 0.0232018561485
1110, 0.00232018561485
1111, 0.0242330497551
1112, 0.0082495488528
1113, 0.0010311936066
1114, 0.00335137922145
1115, 0.00850734725445
1116, 0.00644496004125
1117, 0.0087651456561
1118, 0.0224284609435
1119, 0.0030935808198
1120, 0.0061871616396
1121, 0.0015467904099
1122, 0.00232018561485
1123, 0.0067027584429
1124, 0.00850734725445
1125, 0.0082495488528
1126, 0.00696055684455
1127, 0.00850734725445
1128, 0.0082495488528
1129, 0.00799175045115
1130, 0.0221706625419
1131, 0.0105697344676
1132, 0.00180458881155
1133, 0.00283578241815
1134, 0.0244908481567
1135, 0.0015467904099
1136, 0.0072183552462
1137, 0.0082495488528
1138, 0.0082495488528
1139, 0.0025779840165
1140, 0.0056715648363
1141, 0.0252642433617
1142, 0.00283578241815
1143, 0.00592936323795
1144, 0.00232018561485
1145, 0.0077339520495
1146, 0.0072183552462
1147, 0.00489816963135
1148, 0.0061871616396
1149, 0.00283578241815
1150, 0.0077339520495
1151, 0.00902294405775
1152, 0.0020623872132
1153, 0.0067027584429
1154, 0.0216550657386
1155, 0.0082495488528
1156, 0.0056715648363
1157, 0.0061871616396
1158, 0.00232018561485
1159, 0.00232018561485
1160, 0.0221706625419
1161, 0.00335137922145
1162, 0.005155968033
1163, 0.0077339520495
1164, 0.00799175045115
1165, 0.00180458881155
1166, 0.0030935808198
1167, 0.00180458881155
1168, 0.0097963392627
1169, 0.00128899200825
1170, 0.00850734725445
1171, 0.0015467904099
1172, 0.00799175045115
1173, 0.00696055684455
1174, 0.0067027584429
1175, 0.00232018561485
1176, 0.0082495488528
1177, 0.0193348801237
1178, 0.0087651456561
1179, 0.0211394689353
1180, 0.0092807424594
1181, 0.0242330497551
1182, 0.0020623872132
1183, 0.00850734725445
1184, 0.0237174529518
1185, 0.0100541376643
1186, 0.0211394689353
1187, 0.0030935808198
1188, 0.00696055684455
1189, 0.0036091776231
1190, 0.0025779840165
1191, 0.0025779840165
1192, 0.00077339520495
1193, 0.0072183552462
1194, 0.00592936323795
1195, 0.0100541376643
1196, 0.0072183552462
1197, 0.0077339520495
1198, 0.00696055684455
1199, 0.0072183552462
1200, 0.0203660737303
1201, 0.0224284609435
1202, 0.0100541376643
1203, 0.0025779840165
1204, 0.010311936066
1205, 0.00232018561485
1206, 0.0072183552462
1207, 0.0239752513534
1208, 0.00696055684455
1209, 0.0110853312709
1210, 0.0020623872132
1211, 0.0061871616396
1212, 0.0203660737303
1213, 0.0025779840165
1214, 0.00644496004125
1215, 0.0056715648363
1216, 0.019850476927
1217, 0.0072183552462
1218, 0.00592936323795
1219, 0.00850734725445
1220, 0.00386697602475
1221, 0.0082495488528
1222, 0.00386697602475
1223, 0.0260376385666
1224, 0.00799175045115
1225, 0.00850734725445
1226, 0.00232018561485
1227, 0.0067027584429
1228, 0.0072183552462
1229, 0.0077339520495
1230, 0.00077339520495
1231, 0.00541376643465
1232, 0.0087651456561
1233, 0.020623872132
1234, 0.00850734725445
1235, 0.00953854086105
1236, 0.0082495488528
1237, 0.00128899200825
1238, 0.0105697344676
1239, 0.0030935808198
1240, 0.00489816963135
1241, 0.0056715648363
1242, 0.00902294405775
1243, 0.00644496004125
1244, 0.00077339520495
1245, 0.00696055684455
1246, 0.0061871616396
1247, 0.0030935808198
1248, 0.0072183552462
1249, 0.0067027584429
1250, 0.0056715648363
1251, 0.02500644496
1252, 0.0025779840165
1253, 0.0067027584429
1254, 0.00335137922145
1255, 0.0010311936066
1256, 0.00180458881155
1257, 0.0087651456561
1258, 0.0087651456561
1259, 0.00644496004125
1260, 0.0087651456561
1261, 0.00799175045115
1262, 0.00850734725445
1263, 0.00489816963135
1264, 0.0082495488528
1265, 0.0203660737303
1266, 0.0082495488528
1267, 0.00232018561485
1268, 0.0061871616396
1269, 0.0010311936066
1270, 0.0097963392627
1271, 0.00335137922145
1272, 0.00902294405775
1273, 0.0237174529518
1274, 0.0082495488528
1275, 0.0067027584429
1276, 0.00232018561485
1277, 0.00386697602475
1278, 0.00386697602475
1279, 0.00696055684455
1280, 0.00335137922145
1281, 0.0036091776231
1282, 0.0077339520495
1283, 0.0072183552462
1284, 0.0036091776231
1285, 0.00541376643465
1286, 0.00644496004125
1287, 0.0061871616396
1288, 0.0097963392627
1289, 0.0030935808198
1290, 0.0056715648363
1291, 0.019850476927
1292, 0.0224284609435
1293, 0.00696055684455
1294, 0.00747615364785
1295, 0.0221706625419
1296, 0.0010311936066
1297, 0.0232018561485
1298, 0.0159835009023
1299, 0.00696055684455
1300, 0.0005155968033
1301, 0.0041247744264
1302, 0.0185614849188
1303, 0.0025779840165
1304, 0.0092807424594
1305, 0.0036091776231
1306, 0.00850734725445
1307, 0.0201082753287
1308, 0.00902294405775
1309, 0.00850734725445
1310, 0.00283578241815
1311, 0.0030935808198
1312, 0.0077339520495
1313, 0.0030935808198
1314, 0.0025779840165
1315, 0.00799175045115
1316, 0.0046403712297
1317, 0.00696055684455
1318, 0.0025779840165
1319, 0.0077339520495
1320, 0.0105697344676
1321, 0.00902294405775
1322, 0.0226862593452
1323, 0.00438257282805
1324, 0.0247486465584
1325, 0.00747615364785
1326, 0.0020623872132
1327, 0.0020623872132
1328, 0.00644496004125
1329, 0.0046403712297
1330, 0.00592936323795
1331, 0.0097963392627
1332, 0.00644496004125
1333, 0.0108275328693
1334, 0.0077339520495
1335, 0.00747615364785
1336, 0.0020623872132
1337, 0.00799175045115
1338, 0.0082495488528
1339, 0.02500644496
1340, 0.0072183552462
1341, 0.0072183552462
1342, 0.00232018561485
1343, 0.0030935808198
1344, 0.00180458881155
1345, 0.0216550657386
1346, 0.00747615364785
1347, 0.0025779840165
1348, 0.00696055684455
1349, 0.00283578241815
1350, 0.00953854086105
1351, 0.0030935808198
1352, 0.00232018561485
1353, 0.00747615364785
1354, 0.00799175045115
1355, 0.0100541376643
1356, 0.0077339520495
1357, 0.0056715648363
1358, 0.00335137922145
1359, 0.0082495488528
1360, 0.0237174529518
1361, 0.00953854086105
1362, 0.019850476927
1363, 0.0077339520495
1364, 0.00541376643465
1365, 0.00850734725445
1366, 0.0224284609435
1367, 0.00747615364785
1368, 0.0025779840165
1369, 0.00747615364785
1370, 0.00902294405775
1371, 0.0087651456561
1372, 0.0015467904099
1373, 0.0221706625419
1374, 0.0082495488528
1375, 0.0077339520495
1376, 0.00644496004125
1377, 0.00799175045115
1378, 0.00592936323795
1379, 0.00077339520495
1380, 0.0221706625419
1381, 0.0219128641402
1382, 0.00592936323795
1383, 0.010311936066
1384, 0.0077339520495
1385, 0.0056715648363
1386, 0.00747615364785
1387, 0.0025779840165
1388, 0.0087651456561
1389, 0.00232018561485
1390, 0.0067027584429
1391, 0.00283578241815
1392, 0.0030935808198
1393, 0.0252642433617
1394, 0.00799175045115
1395, 0.0056715648363
1396, 0.0067027584429
1397, 0.00747615364785
1398, 0.0030935808198
1399, 0.0087651456561
1400, 0.0224284609435
1401, 0.00283578241815
1402, 0.00232018561485
1403, 0.00747615364785
1404, 0.00799175045115
1405, 0.0067027584429
1406, 0.00696055684455
1407, 0.00644496004125
1408, 0.00696055684455
1409, 0.0239752513534
1410, 0.0061871616396
1411, 0.00799175045115
1412, 0.0105697344676
1413, 0.0087651456561
1414, 0.0237174529518
1415, 0.00644496004125
1416, 0.0020623872132
1417, 0.00541376643465
1418, 0.0036091776231
1419, 0.00799175045115
1420, 0.0195926785254
1421, 0.0082495488528
1422, 0.0077339520495
1423, 0.00696055684455
1424, 0.0082495488528
1425, 0.0296468161897
1426, 0.00696055684455
1427, 0.00592936323795
1428, 0.0219128641402
1429, 0.0226862593452
1430, 0.00644496004125
1431, 0.0234596545501
1432, 0.019850476927
1433, 0.0067027584429
1434, 0.0015467904099
1435, 0.00799175045115
1436, 0.0239752513534
1437, 0.00644496004125
1438, 0.00902294405775
1439, 0.0255220417633
1440, 0.0234596545501
1441, 0.0041247744264
1442, 0.00283578241815
1443, 0.00232018561485
1444, 0.00799175045115
1445, 0.0067027584429
1446, 0.02500644496
1447, 0.00283578241815
1448, 0.0025779840165
1449, 0.0100541376643
1450, 0.0067027584429
1451, 0.00799175045115
1452, 0.005155968033
1453, 0.0030935808198
1454, 0.00747615364785
1455, 0.0020623872132
1456, 0.0036091776231
1457, 0.0067027584429
1458, 0.00644496004125
1459, 0.0030935808198
1460, 0.00799175045115
1461, 0.0030935808198
1462, 0.00128899200825
1463, 0.00077339520495
1464, 0.00953854086105
1465, 0.0201082753287
1466, 0.0072183552462
1467, 0.00232018561485
1468, 0.0077339520495
1469, 0.0077339520495
1470, 0.0082495488528
1471, 0.00696055684455
1472, 0.0030935808198
1473, 0.00799175045115
1474, 0.00850734725445
1475, 0.0226862593452
1476, 0.00747615364785
1477, 0.00386697602475
1478, 0.0010311936066
1479, 0.00799175045115
1480, 0.0072183552462
1481, 0.0100541376643
1482, 0.0020623872132
1483, 0.0188192833204
1484, 0.0072183552462
1485, 0.0025779840165
1486, 0.0072183552462
1487, 0.0072183552462
1488, 0.0061871616396
1489, 0.0030935808198
1490, 0.00335137922145
1491, 0.00799175045115
1492, 0.0020623872132
1493, 0.0232018561485
1494, 0.0232018561485
1495, 0.0036091776231
1496, 0.00850734725445
1497, 0.00644496004125
1498, 0.0097963392627
1499, 0.00283578241815
1500, 0.0247486465584
1501, 0.00232018561485
1502, 0.0108275328693
1503, 0.0232018561485
1504, 0.00386697602475
1505, 0.0025779840165
1506, 0.00696055684455
1507, 0.0092807424594
1508, 0.00644496004125
1509, 0.0030935808198
1510, 0.0092807424594
1511, 0.00747615364785
1512, 0.0077339520495
1513, 0.00696055684455
1514, 0.00077339520495
1515, 0.00953854086105
1516, 0.00696055684455
1517, 0.0252642433617
1518, 0.00335137922145
1519, 0.00335137922145
1520, 0.0087651456561
1521, 0.00128899200825
1522, 0.00644496004125
1523, 0.00747615364785
1524, 0.0015467904099
1525, 0.0036091776231
1526, 0.00077339520495
1527, 0.0072183552462
1528, 0.0082495488528
1529, 0.0087651456561
1530, 0.005155968033
1531, 0.00335137922145
1532, 0.00335137922145
1533, 0.00747615364785
1534, 0.00644496004125
1535, 0.00799175045115
1536, 0.0170146945089
1537, 0.0041247744264
1538, 0.00592936323795
1539, 0.0067027584429
1540, 0.00747615364785
1541, 0.00644496004125
1542, 0.0030935808198
1543, 0.0208816705336
1544, 0.0077339520495
1545, 0.0211394689353
1546, 0.0041247744264
1547, 0.00128899200825
1548, 0.00747615364785
1549, 0.00696055684455
1550, 0.00696055684455
1551, 0.00283578241815
1552, 0.0077339520495
1553, 0.0092807424594
1554, 0.0082495488528
1555, 0.0030935808198
1556, 0.0203660737303
1557, 0.0082495488528
1558, 0.0061871616396
1559, 0.005155968033
1560, 0.0020623872132
1561, 0.0030935808198
1562, 0.00335137922145
1563, 0.010311936066
1564, 0.0025779840165
1565, 0.00644496004125
1566, 0.0036091776231
1567, 0.0224284609435
1568, 0.00283578241815
1569, 0.0072183552462
1570, 0.0072183552462
1571, 0.00592936323795
1572, 0.00799175045115
1573, 0.0087651456561
1574, 0.00283578241815
1575, 0.0072183552462
1576, 0.00592936323795
1577, 0.00747615364785
1578, 0.0025779840165
1579, 0.00696055684455
1580, 0.00953854086105
1581, 0.0025779840165
1582, 0.00644496004125
1583, 0.0030935808198
1584, 0.0020623872132
1585, 0.0025779840165
1586, 0.0072183552462
1587, 0.0092807424594
1588, 0.00747615364785
1589, 0.0056715648363
1590, 0.00799175045115
1591, 0.02500644496
1592, 0.0030935808198
1593, 0.00850734725445
1594, 0.0067027584429
1595, 0.00180458881155
1596, 0.0030935808198
1597, 0.00799175045115
1598, 0.010311936066
1599, 0.0237174529518
1600, 0.00799175045115
1601, 0.00696055684455
1602, 0.00747615364785
1603, 0.00696055684455
1604, 0.0072183552462
1605, 0.00592936323795
1606, 0.00077339520495
1607, 0.00696055684455
1608, 0.0177880897138
1609, 0.0087651456561
1610, 0.0072183552462
1611, 0.00850734725445
1612, 0.0237174529518
1613, 0.00283578241815
1614, 0.0077339520495
1615, 0.0067027584429
1616, 0.0067027584429
1617, 0.0082495488528
1618, 0.00696055684455
1619, 0.00077339520495
1620, 0.0082495488528
1621, 0.00592936323795
1622, 0.00696055684455
1623, 0.00335137922145
1624, 0.0072183552462
1625, 0.0219128641402
1626, 0.0082495488528
1627, 0.00180458881155
1628, 0.0015467904099
1629, 0.00696055684455
1630, 0.00696055684455
1631, 0.00696055684455
1632, 0.0087651456561
1633, 0.00283578241815
1634, 0.0036091776231
1635, 0.0077339520495
1636, 0.0072183552462
1637, 0.00541376643465
1638, 0.00799175045115
1639, 0.00335137922145
1640, 0.00180458881155
1641, 0.0087651456561
1642, 0.0015467904099
1643, 0.00902294405775
1644, 0.0087651456561
1645, 0.00799175045115
1646, 0.00747615364785
1647, 0.0015467904099
1648, 0.00696055684455
1649, 0.0082495488528
1650, 0.00077339520495
1651, 0.0025779840165
1652, 0.0072183552462
1653, 0.020623872132
1654, 0.019850476927
1655, 0.0061871616396
1656, 0.0087651456561
1657, 0.00799175045115
1658, 0.00180458881155
1659, 0.0203660737303
1660, 0.0072183552462
1661, 0.0162412993039
1662, 0.00232018561485
1663, 0.00799175045115
1664, 0.0092807424594
1665, 0.00747615364785
1666, 0.00799175045115
1667, 0.0082495488528
1668, 0.00696055684455
1669, 0.00747615364785
1670, 0.00644496004125
1671, 0.0203660737303
1672, 0.00799175045115
1673, 0.00799175045115
1674, 0.0041247744264
1675, 0.00232018561485
1676, 0.00799175045115
1677, 0.00850734725445
1678, 0.0077339520495
1679, 0.0077339520495
1680, 0.00232018561485
1681, 0.00128899200825
1682, 0.0072183552462
1683, 0.00850734725445
1684, 0.00902294405775
1685, 0.0015467904099
1686, 0.0077339520495
1687, 0.00850734725445
1688, 0.00644496004125
1689, 0.0072183552462
1690, 0.00696055684455
1691, 0.0244908481567
1692, 0.00386697602475
1693, 0.0030935808198
1694, 0.0097963392627
1695, 0.0067027584429
1696, 0.0077339520495
1697, 0.0061871616396
1698, 0.00180458881155
1699, 0.00902294405775
1700, 0.0025779840165
1701, 0.0072183552462
1702, 0.00644496004125
1703, 0.00696055684455
1704, 0.00644496004125
1705, 0.0067027584429
1706, 0.00180458881155
1707, 0.0036091776231
1708, 0.0025779840165
1709, 0.0092807424594
1710, 0.0041247744264
1711, 0.0036091776231
1712, 0.0077339520495
1713, 0.0097963392627
1714, 0.00644496004125
1715, 0.0015467904099
1716, 0.00180458881155
1717, 0.0237174529518
1718, 0.0046403712297
1719, 0.0232018561485
1720, 0.00335137922145
1721, 0.0072183552462
1722, 0.0082495488528
1723, 0.005155968033
1724, 0.0180458881155
1725, 0.0097963392627
1726, 0.0077339520495
1727, 0.015467904099
1728, 0.0072183552462
1729, 0.00386697602475
1730, 0.0020623872132
1731, 0.0082495488528
1732, 0.00953854086105
1733, 0.00335137922145
1734, 0.00335137922145
1735, 0.00489816963135
1736, 0.0041247744264
1737, 0.0067027584429
1738, 0.0020623872132
1739, 0.00592936323795
1740, 0.00644496004125
1741, 0.00335137922145
1742, 0.0061871616396
1743, 0.00799175045115
1744, 0.0087651456561
1745, 0.00180458881155
1746, 0.0092807424594
1747, 0.00335137922145
1748, 0.0025779840165
1749, 0.00283578241815
1750, 0.0036091776231
1751, 0.00489816963135
1752, 0.0219128641402
1753, 0.0005155968033
1754, 0.0072183552462
1755, 0.00644496004125
1756, 0.00696055684455
1757, 0.00644496004125
1758, 0.00696055684455
1759, 0.0015467904099
1760, 0.0025779840165
1761, 0.0224284609435
1762, 0.0087651456561
1763, 0.00644496004125
1764, 0.00077339520495
1765, 0.0072183552462
1766, 0.00283578241815
1767, 0.019850476927
1768, 0.0036091776231
1769, 0.0025779840165
1770, 0.0025779840165
1771, 0.0015467904099
1772, 0.0061871616396
1773, 0.0201082753287
1774, 0.00799175045115
1775, 0.0020623872132
1776, 0.00283578241815
1777, 0.00747615364785
1778, 0.0123743232792
1779, 0.00283578241815
1780, 0.00747615364785
1781, 0.00180458881155
1782, 0.0077339520495
1783, 0.0128899200825
1784, 0.0195926785254
1785, 0.0216550657386
1786, 0.0082495488528
1787, 0.005155968033
1788, 0.00232018561485
1789, 0.0077339520495
1790, 0.0082495488528
1791, 0.00335137922145
1792, 0.0072183552462
1793, 0.00799175045115
1794, 0.0030935808198
1795, 0.0219128641402
1796, 0.0067027584429
1797, 0.0015467904099
1798, 0.00283578241815
1799, 0.00386697602475
1800, 0.00747615364785
1801, 0.0113431296726
1802, 0.0061871616396
1803, 0.00850734725445
1804, 0.0203660737303
1805, 0.0015467904099
1806, 0.00541376643465
1807, 0.0030935808198
1808, 0.0213972673369
1809, 0.0082495488528
1810, 0.00644496004125
1811, 0.00128899200825
1812, 0.0036091776231
1813, 0.0025779840165
1814, 0.0072183552462
1815, 0.0072183552462
1816, 0.0087651456561
1817, 0.0030935808198
1818, 0.0213972673369
1819, 0.00747615364785
1820, 0.00747615364785
1821, 0.00232018561485
1822, 0.00799175045115
1823, 0.0020623872132
1824, 0.00747615364785
1825, 0.00232018561485
1826, 0.00128899200825
1827, 0.00283578241815
1828, 0.0020623872132
1829, 0.00747615364785
1830, 0.0036091776231
1831, 0.0061871616396
1832, 0.0015467904099
1833, 0.00850734725445
1834, 0.0061871616396
1835, 0.0244908481567
1836, 0.0020623872132
1837, 0.0077339520495
1838, 0.0030935808198
1839, 0.0030935808198
1840, 0.00232018561485
1841, 0.0025779840165
1842, 0.0072183552462
1843, 0.0077339520495
1844, 0.0072183552462
1845, 0.0015467904099
1846, 0.00696055684455
1847, 0.00283578241815
1848, 0.0092807424594
1849, 0.0087651456561
1850, 0.0010311936066
1851, 0.0015467904099
1852, 0.0067027584429
1853, 0.0067027584429
1854, 0.00747615364785
1855, 0.0025779840165
1856, 0.0092807424594
1857, 0.0067027584429
1858, 0.00232018561485
1859, 0.0087651456561
1860, 0.00799175045115
1861, 0.00592936323795
1862, 0.00180458881155
1863, 0.00541376643465
1864, 0.00283578241815
1865, 0.00799175045115
1866, 0.0010311936066
1867, 0.00386697602475
1868, 0.0072183552462
1869, 0.0030935808198
1870, 0.0025779840165
1871, 0.0092807424594
1872, 0.0072183552462
1873, 0.00283578241815
1874, 0.00747615364785
1875, 0.00747615364785
1876, 0.00592936323795
1877, 0.0056715648363
1878, 0.00180458881155
1879, 0.00283578241815
1880, 0.00696055684455
1881, 0.00902294405775
1882, 0.00283578241815
1883, 0.0025779840165
1884, 0.00799175045115
1885, 0.00232018561485
1886, 0.0100541376643
1887, 0.0020623872132
1888, 0.0061871616396
1889, 0.00644496004125
1890, 0.00180458881155
1891, 0.00850734725445
1892, 0.0226862593452
1893, 0.0082495488528
1894, 0.00128899200825
1895, 0.00747615364785
1896, 0.0030935808198
1897, 0.00386697602475
1898, 0.0025779840165
1899, 0.0025779840165
1900, 0.0242330497551
1901, 0.00283578241815
1902, 0.0092807424594
1903, 0.0030935808198
1904, 0.0072183552462
1905, 0.00799175045115
1906, 0.0025779840165
1907, 0.00077339520495
1908, 0.0056715648363
1909, 0.010311936066
1910, 0.0082495488528
1911, 0.00747615364785
1912, 0.00696055684455
1913, 0.0030935808198
1914, 0.00335137922145
1915, 0.00592936323795
1916, 0.0015467904099
1917, 0.00283578241815
1918, 0.0072183552462
1919, 0.0025779840165
1920, 0.00283578241815
1921, 0.00850734725445
1922, 0.0100541376643
1923, 0.0030935808198
1924, 0.0015467904099
1925, 0.00747615364785
1926, 0.0030935808198
1927, 0.0030935808198
1928, 0.00232018561485
1929, 0.00232018561485
1930, 0.0072183552462
1931, 0.0077339520495
1932, 0.00799175045115
1933, 0.0211394689353
1934, 0.0208816705336
1935, 0.0067027584429
1936, 0.0077339520495
1937, 0.00644496004125
1938, 0.00335137922145
1939, 0.0229440577468
1940, 0.0213972673369
1941, 0.00128899200825
1942, 0.00592936323795
1943, 0.0015467904099
1944, 0.0087651456561
1945, 0.00283578241815
1946, 0.0020623872132
1947, 0.0041247744264
1948, 0.00799175045115
1949, 0.0067027584429
1950, 0.0067027584429
1951, 0.0030935808198
1952, 0.00696055684455
1953, 0.0072183552462
1954, 0.0082495488528
1955, 0.00953854086105
1956, 0.00386697602475
1957, 0.0025779840165
1958, 0.0010311936066
1959, 0.0072183552462
1960, 0.00438257282805
1961, 0.00232018561485
1962, 0.00128899200825
1963, 0.0061871616396
1964, 0.00747615364785
1965, 0.0092807424594
1966, 0.0092807424594
1967, 0.00335137922145
1968, 0.0010311936066
1969, 0.0077339520495
1970, 0.00696055684455
1971, 0.00850734725445
1972, 0.00077339520495
1973, 0.0015467904099
1974, 0.00541376643465
1975, 0.0061871616396
1976, 0.0072183552462
1977, 0.0025779840165
1978, 0.00386697602475
1979, 0.00644496004125
1980, 0.00335137922145
1981, 0.00592936323795
1982, 0.0097963392627
1983, 0.00283578241815
1984, 0.00644496004125
1985, 0.00696055684455
1986, 0.0030935808198
1987, 0.005155968033
1988, 0.0061871616396
1989, 0.0082495488528
1990, 0.00747615364785
1991, 0.0072183552462
1992, 0.00180458881155
1993, 0.0067027584429
1994, 0.00953854086105
1995, 0.0067027584429
1996, 0.0072183552462
1997, 0.00025779840165
1998, 0.0056715648363
1999, 0.0010311936066
2000, 0.0072183552462
2001, 0.0020623872132
2002, 0.0072183552462
2003, 0.0046403712297
2004, 0.00128899200825
2005, 0.0056715648363
2006, 0.0097963392627
2007, 0.00592936323795
2008, 0.0061871616396
2009, 0.0201082753287
2010, 0.0036091776231
2011, 0.00799175045115
2012, 0.00592936323795
2013, 0.00283578241815
2014, 0.00283578241815
2015, 0.00077339520495
2016, 0.0082495488528
2017, 0.00335137922145
2018, 0.005155968033
2019, 0.0025779840165
2020, 0.00283578241815
2021, 0.0020623872132
2022, 0.00592936323795
2023, 0.0041247744264
2024, 0.0082495488528
2025, 0.005155968033
2026, 0.0020623872132
2027, 0.0036091776231
2028, 0.0010311936066
2029, 0.00232018561485
2030, 0.0082495488528
2031, 0.0025779840165
2032, 0.0087651456561
2033, 0.0067027584429
2034, 0.00799175045115
2035, 0.00386697602475
2036, 0.00696055684455
2037, 0.00489816963135
2038, 0.0092807424594
2039, 0.0061871616396
2040, 0.00180458881155
2041, 0.0092807424594
2042, 0.0072183552462
2043, 0.00283578241815
2044, 0.00232018561485
2045, 0.0077339520495
2046, 0.00335137922145
2047, 0.0087651456561
2048, 0.0005155968033
2049, 0.0036091776231
2050, 0.0061871616396
2051, 0.00283578241815
2052, 0.0087651456561
2053, 0.00283578241815
2054, 0.0213972673369
2055, 0.00850734725445
2056, 0.0020623872132
2057, 0.00902294405775
2058, 0.0229440577468
2059, 0.00592936323795
2060, 0.00850734725445
2061, 0.0100541376643
2062, 0.00180458881155
2063, 0.0046403712297
2064, 0.00799175045115
2065, 0.0030935808198
2066, 0.00232018561485
2067, 0.0015467904099
2068, 0.0010311936066
2069, 0.00747615364785
2070, 0.0061871616396
2071, 0.0025779840165
2072, 0.0020623872132
2073, 0.0036091776231
2074, 0.00902294405775
2075, 0.0067027584429
2076, 0.0020623872132
2077, 0.0056715648363
2078, 0.0020623872132
2079, 0.0072183552462
2080, 0.0067027584429
2081, 0.0020623872132
2082, 0.00232018561485
2083, 0.0015467904099
2084, 0.00386697602475
2085, 0.00232018561485
2086, 0.0036091776231
2087, 0.00850734725445
2088, 0.0020623872132
2089, 0.0010311936066
2090, 0.0030935808198
2091, 0.00335137922145
2092, 0.0072183552462
2093, 0.00747615364785
2094, 0.00128899200825
2095, 0.0015467904099
2096, 0.00232018561485
2097, 0.00696055684455
2098, 0.00335137922145
2099, 0.00232018561485
2100, 0.0025779840165
2101, 0.00180458881155
2102, 0.00077339520495
2103, 0.00592936323795
2104, 0.00592936323795
2105, 0.00232018561485
2106, 0.00644496004125
2107, 0.0082495488528
2108, 0.0020623872132
2109, 0.00283578241815
2110, 0.00644496004125
2111, 0.0025779840165
2112, 0.00696055684455
2113, 0.00902294405775
2114, 0.00696055684455
2115, 0.0072183552462
2116, 0.0025779840165
2117, 0.00180458881155
2118, 0.0010311936066
2119, 0.0015467904099
2120, 0.00902294405775
2121, 0.0087651456561
2122, 0.0105697344676
2123, 0.00283578241815
2124, 0.00386697602475
2125, 0.0177880897138
2126, 0.00283578241815
2127, 0.0010311936066
2128, 0.0067027584429
2129, 0.00850734725445
2130, 0.0082495488528
2131, 0.0067027584429
2132, 0.0067027584429
2133, 0.0087651456561
2134, 0.00696055684455
2135, 0.00850734725445
2136, 0.00799175045115
2137, 0.0010311936066
2138, 0.0036091776231
2139, 0.0087651456561
2140, 0.0025779840165
2141, 0.0030935808198
2142, 0.0020623872132
2143, 0.00799175045115
2144, 0.00747615364785
2145, 0.00541376643465
2146, 0.00180458881155
2147, 0.005155968033
2148, 0.00541376643465
2149, 0.0082495488528
2150, 0.0010311936066
2151, 0.0030935808198
2152, 0.00232018561485
2153, 0.0105697344676
2154, 0.0170146945089
2155, 0.00644496004125
2156, 0.0061871616396
2157, 0.00747615364785
2158, 0.0082495488528
2159, 0.00747615364785
2160, 0.00541376643465
2161, 0.0067027584429
2162, 0.00283578241815
2163, 0.0067027584429
2164, 0.0082495488528
2165, 0.0072183552462
2166, 0.00335137922145
2167, 0.0025779840165
2168, 0.0010311936066
2169, 0.0041247744264
2170, 0.00335137922145
2171, 0.0025779840165
2172, 0.00232018561485
2173, 0.0082495488528
2174, 0.00644496004125
2175, 0.00438257282805
2176, 0.00850734725445
2177, 0.00232018561485
2178, 0.00180458881155
2179, 0.00902294405775
2180, 0.0067027584429
2181, 0.0025779840165
2182, 0.00592936323795
2183, 0.00799175045115
2184, 0.0005155968033
2185, 0.0061871616396
2186, 0.00232018561485
2187, 0.00799175045115
2188, 0.0046403712297
2189, 0.00850734725445
2190, 0.00283578241815
2191, 0.00489816963135
2192, 0.0061871616396
2193, 0.0020623872132
2194, 0.0061871616396
2195, 0.0020623872132
2196, 0.00799175045115
2197, 0.00335137922145
2198, 0.00799175045115
2199, 0.00799175045115
2200, 0.0087651456561
2201, 0.0015467904099
2202, 0.00232018561485
2203, 0.00335137922145
2204, 0.0077339520495
2205, 0.010311936066
2206, 0.0061871616396
2207, 0.0226862593452
2208, 0.0056715648363
2209, 0.0077339520495
2210, 0.00335137922145
2211, 0.00232018561485
2212, 0.0072183552462
2213, 0.0030935808198
2214, 0.00489816963135
2215, 0.00747615364785
2216, 0.00232018561485
2217, 0.005155968033
2218, 0.0030935808198
2219, 0.0092807424594
2220, 0.00541376643465
2221, 0.0195926785254
2222, 0.00077339520495
2223, 0.0036091776231
2224, 0.00077339520495
2225, 0.0087651456561
2226, 0.0030935808198
2227, 0.0010311936066
2228, 0.0082495488528
2229, 0.00180458881155
2230, 0.0036091776231
2231, 0.0072183552462
2232, 0.0082495488528
2233, 0.0067027584429
2234, 0.0036091776231
2235, 0.0056715648363
2236, 0.0061871616396
2237, 0.0067027584429
2238, 0.0072183552462
2239, 0.0072183552462
2240, 0.0224284609435
2241, 0.0067027584429
2242, 0.0067027584429
2243, 0.0010311936066
2244, 0.00644496004125
2245, 0.0030935808198
2246, 0.0097963392627
2247, 0.0025779840165
2248, 0.00335137922145
2249, 0.00592936323795
2250, 0.0061871616396
2251, 0.0087651456561
2252, 0.0005155968033
2253, 0.00386697602475
2254, 0.0077339520495
2255, 0.00541376643465
2256, 0.00283578241815
2257, 0.0015467904099
2258, 0.00902294405775
2259, 0.00799175045115
2260, 0.0010311936066
2261, 0.0087651456561
2262, 0.0030935808198
2263, 0.00799175045115
2264, 0.00592936323795
2265, 0.0067027584429
2266, 0.0030935808198
2267, 0.00644496004125
2268, 0.0025779840165
2269, 0.00696055684455
2270, 0.00232018561485
2271, 0.0036091776231
2272, 0.00335137922145
2273, 0.00283578241815
2274, 0.00850734725445
2275, 0.00335137922145
2276, 0.00850734725445
2277, 0.0025779840165
2278, 0.00696055684455
2279, 0.00232018561485
2280, 0.00180458881155
2281, 0.0072183552462
2282, 0.00128899200825
2283, 0.0020623872132
2284, 0.0061871616396
2285, 0.0077339520495
2286, 0.0232018561485
2287, 0.0025779840165
2288, 0.0077339520495
2289, 0.00077339520495
2290, 0.005155968033
2291, 0.00592936323795
2292, 0.00180458881155
2293, 0.00438257282805
2294, 0.00232018561485
2295, 0.0072183552462
2296, 0.00644496004125
2297, 0.00386697602475
2298, 0.00644496004125
2299, 0.00850734725445
2300, 0.005155968033
2301, 0.010311936066
2302, 0.00644496004125
2303, 0.00335137922145
2304, 0.00644496004125
2305, 0.0252642433617
2306, 0.0020623872132
2307, 0.00644496004125
2308, 0.00592936323795
2309, 0.0082495488528
2310, 0.0005155968033
2311, 0.0242330497551
2312, 0.00592936323795
2313, 0.0036091776231
2314, 0.00747615364785
2315, 0.00747615364785
2316, 0.0005155968033
2317, 0.00386697602475
2318, 0.0077339520495
2319, 0.0072183552462
2320, 0.00747615364785
2321, 0.0036091776231
2322, 0.0041247744264
2323, 0.0041247744264
2324, 0.0072183552462
2325, 0.00025779840165
2326, 0.0077339520495
2327, 0.00283578241815
2328, 0.00696055684455
2329, 0.0010311936066
2330, 0.0020623872132
2331, 0.00592936323795
2332, 0.0015467904099
2333, 0.00283578241815
2334, 0.00180458881155
2335, 0.0087651456561
2336, 0.0082495488528
2337, 0.00180458881155
2338, 0.0030935808198
2339, 0.0082495488528
2340, 0.00799175045115
2341, 0.00696055684455
2342, 0.00386697602475
2343, 0.00902294405775
2344, 0.0005155968033
2345, 0.0025779840165
2346, 0.00438257282805
2347, 0.0005155968033
2348, 0.0025779840165
2349, 0.0041247744264
2350, 0.00077339520495
2351, 0.00283578241815
2352, 0.00077339520495
2353, 0.0010311936066
2354, 0.0025779840165
2355, 0.00283578241815
2356, 0.0030935808198
2357, 0.0015467904099
2358, 0.0036091776231
2359, 0.0025779840165
2360, 0.0030935808198
2361, 0.00541376643465
2362, 0.0056715648363
2363, 0.00232018561485
2364, 0.0020623872132
2365, 0.00232018561485
2366, 0.0082495488528
2367, 0.00283578241815
2368, 0.00696055684455
2369, 0.00128899200825
2370, 0.0067027584429
2371, 0.00489816963135
2372, 0.00644496004125
2373, 0.0056715648363
2374, 0.0056715648363
2375, 0.00747615364785
2376, 0.0020623872132
2377, 0.00283578241815
2378, 0.00696055684455
2379, 0.00592936323795
2380, 0.00232018561485
2381, 0.00696055684455
2382, 0.0025779840165
2383, 0.00128899200825
2384, 0.00180458881155
2385, 0.00180458881155
2386, 0.0010311936066
2387, 0.00232018561485
2388, 0.00902294405775
2389, 0.0067027584429
2390, 0.0061871616396
2391, 0.00592936323795
2392, 0.0015467904099
2393, 0.0036091776231
2394, 0.00644496004125
2395, 0.00180458881155
2396, 0.0067027584429
2397, 0.00953854086105
2398, 0.00335137922145
2399, 0.0020623872132
2400, 0.0020623872132
2401, 0.0015467904099
2402, 0.00541376643465
2403, 0.00283578241815
2404, 0.00953854086105
2405, 0.00128899200825
2406, 0.00283578241815
2407, 0.0077339520495
2408, 0.00232018561485
2409, 0.0010311936066
2410, 0.0020623872132
2411, 0.0067027584429
2412, 0.0015467904099
2413, 0.00696055684455
2414, 0.0030935808198
2415, 0.00799175045115
2416, 0.00747615364785
2417, 0.00283578241815
2418, 0.00232018561485
2419, 0.00283578241815
2420, 0.0092807424594
2421, 0.00747615364785
2422, 0.0067027584429
2423, 0.0025779840165
2424, 0.00902294405775
2425, 0.0082495488528
2426, 0.0041247744264
2427, 0.00799175045115
2428, 0.00696055684455
2429, 0.00799175045115
2430, 0.00489816963135
2431, 0.00180458881155
2432, 0.0100541376643
2433, 0.00283578241815
2434, 0.0082495488528
2435, 0.00953854086105
2436, 0.0067027584429
2437, 0.00283578241815
2438, 0.00232018561485
2439, 0.0072183552462
2440, 0.00747615364785
2441, 0.0015467904099
2442, 0.0020623872132
2443, 0.00644496004125
2444, 0.0061871616396
2445, 0.00850734725445
2446, 0.00541376643465
2447, 0.00232018561485
2448, 0.0020623872132
2449, 0.0025779840165
2450, 0.0046403712297
2451, 0.00696055684455
2452, 0.00799175045115
2453, 0.00232018561485
2454, 0.0020623872132
2455, 0.0030935808198
2456, 0.00386697602475
2457, 0.00696055684455
2458, 0.0067027584429
2459, 0.0077339520495
2460, 0.00747615364785
2461, 0.00592936323795
2462, 0.00232018561485
2463, 0.00644496004125
2464, 0.0092807424594
2465, 0.0015467904099
2466, 0.0082495488528
2467, 0.0097963392627
2468, 0.0025779840165
2469, 0.0072183552462
2470, 0.0082495488528
2471, 0.0056715648363
2472, 0.00902294405775
2473, 0.00180458881155
2474, 0.00541376643465
2475, 0.00335137922145
2476, 0.00128899200825
2477, 0.00386697602475
2478, 0.0082495488528
2479, 0.00747615364785
2480, 0.00283578241815
2481, 0.00283578241815
2482, 0.0036091776231
2483, 0.0072183552462
2484, 0.0036091776231
2485, 0.0082495488528
2486, 0.005155968033
2487, 0.0015467904099
2488, 0.00386697602475
2489, 0.00541376643465
2490, 0.00850734725445
2491, 0.0015467904099
2492, 0.00696055684455
2493, 0.00850734725445
2494, 0.00850734725445
2495, 0.0061871616396
2496, 0.00644496004125
2497, 0.00077339520495
2498, 0.0025779840165
2499, 0.0072183552462
2500, 0.0046403712297
2501, 0.00644496004125
2502, 0.00541376643465
2503, 0.00232018561485
2504, 0.0072183552462
2505, 0.00335137922145
2506, 0.00180458881155
2507, 0.0025779840165
2508, 0.0077339520495
2509, 0.0030935808198
2510, 0.0025779840165
2511, 0.00232018561485
2512, 0.00180458881155
2513, 0.00180458881155
2514, 0.0077339520495
2515, 0.00232018561485
2516, 0.00283578241815
2517, 0.00902294405775
2518, 0.00696055684455
2519, 0.0036091776231
2520, 0.0025779840165
2521, 0.00128899200825
2522, 0.0092807424594
2523, 0.00283578241815
2524, 0.00799175045115
2525, 0.0036091776231
2526, 0.00283578241815
2527, 0.00335137922145
2528, 0.0041247744264
2529, 0.00696055684455
2530, 0.00747615364785
2531, 0.005155968033
2532, 0.00592936323795
2533, 0.0030935808198
2534, 0.00232018561485
2535, 0.0030935808198
2536, 0.00644496004125
2537, 0.0072183552462
2538, 0.0092807424594
2539, 0.00232018561485
2540, 0.0030935808198
2541, 0.00025779840165
2542, 0.0077339520495
2543, 0.0025779840165
2544, 0.00180458881155
2545, 0.0036091776231
2546, 0.00180458881155
2547, 0.0030935808198
2548, 0.0056715648363
2549, 0.00592936323795
2550, 0.0041247744264
2551, 0.0030935808198
2552, 0.0020623872132
2553, 0.0015467904099
2554, 0.0087651456561
2555, 0.0020623872132
2556, 0.00696055684455
2557, 0.0020623872132
2558, 0.0010311936066
2559, 0.00696055684455
2560, 0.0092807424594
2561, 0.00232018561485
2562, 0.00335137922145
2563, 0.0020623872132
2564, 0.0010311936066
2565, 0.0067027584429
2566, 0.00799175045115
2567, 0.0087651456561
2568, 0.00799175045115
2569, 0.00386697602475
2570, 0.00128899200825
2571, 0.0077339520495
2572, 0.0036091776231
2573, 0.00128899200825
2574, 0.0067027584429
2575, 0.00850734725445
2576, 0.00747615364785
2577, 0.00747615364785
2578, 0.00283578241815
2579, 0.00541376643465
2580, 0.00232018561485
2581, 0.0005155968033
2582, 0.00747615364785
2583, 0.0015467904099
2584, 0.00902294405775
2585, 0.0020623872132
2586, 0.00283578241815
2587, 0.00850734725445
2588, 0.0020623872132
2589, 0.00902294405775
2590, 0.00180458881155
2591, 0.0056715648363
2592, 0.00283578241815
2593, 0.00541376643465
2594, 0.0005155968033
2595, 0.0041247744264
2596, 0.0041247744264
2597, 0.0056715648363
2598, 0.00283578241815
2599, 0.00438257282805
2600, 0.00386697602475
2601, 0.0015467904099
2602, 0.0025779840165
2603, 0.00128899200825
2604, 0.00283578241815
2605, 0.0030935808198
2606, 0.0025779840165
2607, 0.0082495488528
2608, 0.0020623872132
2609, 0.00180458881155
2610, 0.0067027584429
2611, 0.00128899200825
2612, 0.0025779840165
2613, 0.0010311936066
2614, 0.0072183552462
2615, 0.00489816963135
2616, 0.00283578241815
2617, 0.0005155968033
2618, 0.0030935808198
2619, 0.0067027584429
2620, 0.0072183552462
2621, 0.0036091776231
2622, 0.0077339520495
2623, 0.0036091776231
2624, 0.0087651456561
2625, 0.00283578241815
2626, 0.00232018561485
2627, 0.00799175045115
2628, 0.00335137922145
2629, 0.00077339520495
2630, 0.0020623872132
2631, 0.00283578241815
2632, 0.0030935808198
2633, 0.00232018561485
2634, 0.0015467904099
2635, 0.0005155968033
2636, 0.00180458881155
2637, 0.00335137922145
2638, 0.0036091776231
2639, 0.0046403712297
2640, 0.00644496004125
2641, 0.00283578241815
2642, 0.0061871616396
2643, 0.00386697602475
2644, 0.0020623872132
2645, 0.00077339520495
2646, 0.0025779840165
2647, 0.00283578241815
2648, 0.00283578241815
2649, 0.0010311936066
2650, 0.0072183552462
2651, 0.0072183552462
2652, 0.00283578241815
2653, 0.00180458881155
2654, 0.0097963392627
2655, 0.005155968033
2656, 0.0082495488528
2657, 0.0020623872132
2658, 0.00335137922145
2659, 0.0061871616396
2660, 0.00180458881155
2661, 0.0077339520495
2662, 0.00180458881155
2663, 0.00232018561485
2664, 0.0025779840165
2665, 0.00747615364785
2666, 0.0015467904099
2667, 0.0077339520495
2668, 0.0015467904099
2669, 0.0005155968033
2670, 0.00747615364785
2671, 0.00696055684455
2672, 0.00283578241815
2673, 0.0025779840165
2674, 0.0067027584429
2675, 0.00232018561485
2676, 0.0020623872132
2677, 0.0020623872132
2678, 0.0072183552462
2679, 0.0067027584429
2680, 0.00180458881155
2681, 0.00489816963135
2682, 0.00128899200825
2683, 0.0082495488528
2684, 0.0077339520495
2685, 0.0041247744264
2686, 0.00232018561485
2687, 0.0025779840165
2688, 0.0041247744264
2689, 0.00232018561485
2690, 0.00180458881155
2691, 0.00438257282805
2692, 0.00489816963135
2693, 0.0072183552462
2694, 0.0061871616396
2695, 0.0010311936066
2696, 0.0061871616396
2697, 0.00335137922145
2698, 0.0020623872132
2699, 0.0025779840165
2700, 0.0030935808198
2701, 0.0015467904099
2702, 0.0015467904099
2703, 0.00232018561485
2704, 0.0056715648363
2705, 0.00850734725445
2706, 0.0015467904099
2707, 0.00232018561485
2708, 0.0036091776231
2709, 0.0077339520495
2710, 0.0082495488528
2711, 0.0015467904099
2712, 0.00232018561485
2713, 0.0020623872132
2714, 0.0005155968033
2715, 0.0025779840165
2716, 0.0020623872132
2717, 0.00283578241815
2718, 0.00283578241815
2719, 0.00077339520495
2720, 0.00386697602475
2721, 0.00180458881155
2722, 0.0067027584429
2723, 0.00283578241815
2724, 0.00541376643465
2725, 0.00902294405775
2726, 0.0015467904099
2727, 0.00283578241815
2728, 0.0030935808198
2729, 0.00283578241815
2730, 0.0072183552462
2731, 0.00180458881155
2732, 0.00335137922145
2733, 0.0041247744264
2734, 0.00283578241815
2735, 0.00335137922145
2736, 0.00232018561485
2737, 0.0015467904099
2738, 0.0036091776231
2739, 0.0072183552462
2740, 0.00283578241815
2741, 0.0015467904099
2742, 0.0015467904099
2743, 0.0087651456561
2744, 0.00283578241815
2745, 0.0010311936066
2746, 0.00799175045115
2747, 0.0092807424594
2748, 0.00283578241815
2749, 0.00747615364785
2750, 0.00850734725445
2751, 0.00128899200825
2752, 0.0100541376643
2753, 0.0030935808198
2754, 0.00180458881155
2755, 0.0087651456561
2756, 0.0025779840165
2757, 0.00335137922145
2758, 0.0030935808198
2759, 0.00283578241815
2760, 0.00747615364785
2761, 0.0020623872132
2762, 0.0005155968033
2763, 0.0020623872132
2764, 0.0030935808198
2765, 0.00077339520495
2766, 0.0061871616396
2767, 0.0030935808198
2768, 0.00335137922145
2769, 0.00283578241815
2770, 0.00283578241815
2771, 0.00438257282805
2772, 0.00128899200825
2773, 0.005155968033
2774, 0.0015467904099
2775, 0.00283578241815
2776, 0.00283578241815
2777, 0.00128899200825
2778, 0.00747615364785
2779, 0.0020623872132
2780, 0.00541376643465
2781, 0.00180458881155
2782, 0.0020623872132
2783, 0.0005155968033
2784, 0.0020623872132
2785, 0.0020623872132
2786, 0.00541376643465
2787, 0.00335137922145
2788, 0.0020623872132
2789, 0.0020623872132
2790, 0.0030935808198
2791, 0.00541376643465
2792, 0.0025779840165
2793, 0.00283578241815
2794, 0.0020623872132
2795, 0.0067027584429
2796, 0.00696055684455
2797, 0.00696055684455
2798, 0.0056715648363
2799, 0.0005155968033
2800, 0.00283578241815
2801, 0.0015467904099
2802, 0.00592936323795
2803, 0.0077339520495
2804, 0.0025779840165
2805, 0.00180458881155
2806, 0.0072183552462
2807, 0.00232018561485
2808, 0.00283578241815
2809, 0.0072183552462
2810, 0.0082495488528
2811, 0.0025779840165
2812, 0.0020623872132
2813, 0.0025779840165
2814, 0.00386697602475
2815, 0.0005155968033
2816, 0.00283578241815
2817, 0.0025779840165
2818, 0.00335137922145
2819, 0.00644496004125
2820, 0.00799175045115
2821, 0.0020623872132
2822, 0.00592936323795
2823, 0.0072183552462
2824, 0.0015467904099
2825, 0.00128899200825
2826, 0.005155968033
2827, 0.00386697602475
2828, 0.0015467904099
2829, 0.00077339520495
2830, 0.0025779840165
2831, 0.0005155968033
2832, 0.0015467904099
2833, 0.0072183552462
2834, 0.0020623872132
2835, 0.00696055684455
2836, 0.0020623872132
2837, 0.00180458881155
2838, 0.00283578241815
2839, 0.00438257282805
2840, 0.00180458881155
2841, 0.00644496004125
2842, 0.0010311936066
2843, 0.00283578241815
2844, 0.0072183552462
2845, 0.005155968033
2846, 0.00180458881155
2847, 0.00128899200825
2848, 0.00180458881155
2849, 0.00696055684455
2850, 0.00283578241815
2851, 0.00335137922145
2852, 0.0082495488528
2853, 0.0015467904099
2854, 0.0025779840165
2855, 0.00335137922145
2856, 0.00232018561485
2857, 0.00541376643465
2858, 0.00077339520495
2859, 0.00180458881155
2860, 0.0025779840165
2861, 0.00077339520495
2862, 0.00232018561485
2863, 0.00283578241815
2864, 0.0015467904099
2865, 0.0020623872132
2866, 0.0030935808198
2867, 0.00592936323795
2868, 0.0046403712297
2869, 0.00747615364785
2870, 0.00489816963135
2871, 0.0025779840165
2872, 0.0010311936066
2873, 0.00953854086105
2874, 0.00128899200825
2875, 0.0082495488528
2876, 0.0061871616396
2877, 0.0061871616396
2878, 0.00128899200825
2879, 0.0046403712297
2880, 0.0056715648363
2881, 0.0020623872132
2882, 0.0020623872132
2883, 0.00128899200825
2884, 0.0015467904099
2885, 0.00128899200825
2886, 0.00283578241815
2887, 0.00180458881155
2888, 0.00180458881155
2889, 0.0020623872132
2890, 0.00180458881155
2891, 0.0005155968033
2892, 0.00077339520495
2893, 0.00696055684455
2894, 0.0025779840165
2895, 0.00283578241815
2896, 0.0025779840165
2897, 0.00283578241815
2898, 0.0036091776231
2899, 0.00283578241815
2900, 0.00180458881155
2901, 0.0020623872132
2902, 0.00283578241815
2903, 0.0030935808198
2904, 0.0072183552462
2905, 0.0020623872132
2906, 0.0010311936066
2907, 0.00128899200825
2908, 0.0025779840165
2909, 0.0087651456561
2910, 0.00747615364785
2911, 0.0010311936066
2912, 0.00386697602475
2913, 0.00180458881155
2914, 0.00232018561485
2915, 0.00283578241815
2916, 0.00232018561485
2917, 0.00644496004125
2918, 0.0077339520495
2919, 0.0025779840165
2920, 0.00541376643465
2921, 0.00850734725445
2922, 0.00180458881155
2923, 0.00747615364785
2924, 0.0025779840165
2925, 0.00128899200825
2926, 0.0015467904099
2927, 0.00696055684455
2928, 0.0025779840165
2929, 0.00128899200825
2930, 0.00180458881155
2931, 0.00541376643465
2932, 0.0025779840165
2933, 0.0010311936066
2934, 0.0030935808198
2935, 0.00128899200825
2936, 0.0036091776231
2937, 0.0030935808198
2938, 0.00232018561485
2939, 0.0046403712297
2940, 0.0020623872132
2941, 0.00335137922145
2942, 0.00386697602475
2943, 0.0020623872132
2944, 0.0046403712297
2945, 0.00180458881155
2946, 0.0005155968033
2947, 0.0030935808198
2948, 0.0005155968033
2949, 0.00128899200825
2950, 0.0061871616396
2951, 0.0025779840165
2952, 0.00025779840165
2953, 0.00747615364785
2954, 0.00283578241815
2955, 0.00180458881155
2956, 0.0025779840165
2957, 0.0025779840165
2958, 0.0025779840165
2959, 0.0030935808198
2960, 0.00128899200825
2961, 0.00232018561485
2962, 0.00489816963135
2963, 0.0030935808198
2964, 0.00696055684455
2965, 0.0082495488528
2966, 0.00283578241815
2967, 0.0025779840165
2968, 0.0046403712297
2969, 0.0056715648363
2970, 0.00180458881155
2971, 0.00232018561485
2972, 0.0041247744264
2973, 0.0005155968033
2974, 0.00438257282805
2975, 0.00335137922145
2976, 0.0010311936066
2977, 0.0046403712297
2978, 0.0025779840165
2979, 0.00025779840165
2980, 0.00283578241815
2981, 0.0025779840165
2982, 0.0005155968033
2983, 0.00283578241815
2984, 0.0010311936066
2985, 0.0025779840165
2986, 0.00283578241815
2987, 0.0030935808198
2988, 0.00335137922145
2989, 0.0020623872132
2990, 0.0020623872132
2991, 0.00180458881155
2992, 0.0025779840165
2993, 0.00283578241815
2994, 0.0036091776231
2995, 0.0056715648363
2996, 0.00180458881155
2997, 0.00180458881155
2998, 0.00283578241815
2999, 0.0025779840165
3000, 0.0015467904099
3001, 0.00128899200825
3002, 0.00799175045115
3003, 0.00335137922145
3004, 0.00180458881155
3005, 0.0046403712297
3006, 0.0036091776231
3007, 0.0015467904099
3008, 0.0056715648363
3009, 0.0015467904099
3010, 0.00180458881155
3011, 0.0010311936066
3012, 0.00077339520495
3013, 0.00283578241815
3014, 0.0067027584429
3015, 0.0020623872132
3016, 0.0036091776231
3017, 0.00386697602475
3018, 0.0056715648363
3019, 0.0025779840165
3020, 0.0077339520495
3021, 0.00180458881155
3022, 0.0072183552462
3023, 0.00850734725445
3024, 0.00232018561485
3025, 0.00232018561485
3026, 0.00077339520495
3027, 0.0025779840165
3028, 0.00232018561485
3029, 0.0020623872132
3030, 0.00128899200825
3031, 0.00180458881155
3032, 0.0025779840165
3033, 0.0030935808198
3034, 0.00077339520495
3035, 0.00283578241815
3036, 0.0030935808198
3037, 0.00232018561485
3038, 0.0030935808198
3039, 0.00180458881155
3040, 0.0041247744264
3041, 0.00283578241815
3042, 0.00696055684455
3043, 0.0010311936066
3044, 0.00592936323795
3045, 0.0010311936066
3046, 0.00232018561485
3047, 0.0072183552462
3048, 0.0072183552462
3049, 0.00644496004125
3050, 0.00283578241815
3051, 0.00128899200825
3052, 0.0030935808198
3053, 0.00232018561485
3054, 0.00128899200825
3055, 0.00232018561485
3056, 0.0087651456561
3057, 0.0030935808198
3058, 0.0030935808198
3059, 0.00077339520495
3060, 0.0036091776231
3061, 0.00180458881155
3062, 0.0015467904099
3063, 0.0015467904099
3064, 0.0020623872132
3065, 0.00335137922145
3066, 0.00232018561485
3067, 0.0010311936066
3068, 0.0036091776231
3069, 0.0025779840165
3070, 0.0025779840165
3071, 0.00438257282805
3072, 0.00232018561485
3073, 0.0030935808198
3074, 0.0015467904099
3075, 0.0046403712297
3076, 0.00232018561485
3077, 0.0030935808198
3078, 0.00180458881155
3079, 0.00232018561485
3080, 0.0030935808198
3081, 0.00180458881155
3082, 0.0010311936066
3083, 0.00696055684455
3084, 0.0010311936066
3085, 0.0030935808198
3086, 0.00283578241815
3087, 0.0010311936066
3088, 0.0072183552462
3089, 0.00128899200825
3090, 0.00128899200825
3091, 0.0020623872132
3092, 0.0082495488528
3093, 0.0025779840165
3094, 0.0025779840165
3095, 0.0025779840165
3096, 0.0061871616396
3097, 0.00077339520495
3098, 0.0020623872132
3099, 0.0015467904099
3100, 0.00232018561485
3101, 0.0020623872132
3102, 0.00232018561485
3103, 0.0020623872132
3104, 0.0025779840165
3105, 0.00283578241815
3106, 0.00077339520495
3107, 0.0025779840165
3108, 0.0020623872132
3109, 0.0010311936066
3110, 0.0005155968033
3111, 0.00335137922145
3112, 0.00077339520495
3113, 0.0046403712297
3114, 0.00283578241815
3115, 0.0030935808198
3116, 0.0010311936066
3117, 0.00283578241815
3118, 0.0036091776231
3119, 0.00025779840165
3120, 0.0030935808198
3121, 0.0005155968033
3122, 0.0010311936066
3123, 0.00799175045115
3124, 0.0077339520495
3125, 0.00335137922145
3126, 0.0010311936066
3127, 0.00180458881155
3128, 0.0030935808198
3129, 0.00283578241815
3130, 0.0030935808198
3131, 0.0020623872132
3132, 0.00232018561485
3133, 0.0025779840165
3134, 0.0077339520495
3135, 0.00850734725445
3136, 0.0030935808198
3137, 0.0025779840165
3138, 0.0020623872132
3139, 0.0025779840165
3140, 0.0036091776231
3141, 0.00077339520495
3142, 0.0015467904099
3143, 0.0010311936066
3144, 0.0010311936066
3145, 0.0015467904099
3146, 0.00541376643465
3147, 0.0030935808198
3148, 0.0030935808198
3149, 0.0025779840165
3150, 0.00283578241815
3151, 0.00335137922145
3152, 0.0010311936066
3153, 0.00180458881155
3154, 0.0020623872132
3155, 0.00128899200825
3156, 0.00077339520495
3157, 0.00335137922145
3158, 0.0015467904099
3159, 0.0020623872132
3160, 0.0077339520495
3161, 0.0020623872132
3162, 0.00128899200825
3163, 0.00180458881155
3164, 0.00850734725445
3165, 0.00077339520495
3166, 0.0030935808198
3167, 0.00283578241815
3168, 0.0020623872132
3169, 0.00541376643465
3170, 0.0025779840165
3171, 0.0015467904099
3172, 0.0025779840165
3173, 0.0030935808198
3174, 0.0010311936066
3175, 0.0025779840165
3176, 0.0030935808198
3177, 0.00232018561485
3178, 0.0020623872132
3179, 0.0015467904099
3180, 0.0025779840165
3181, 0.00180458881155
3182, 0.0025779840165
3183, 0.0077339520495
3184, 0.00283578241815
3185, 0.00283578241815
3186, 0.00077339520495
3187, 0.00232018561485
3188, 0.0025779840165
3189, 0.00283578241815
3190, 0.00232018561485
3191, 0.00077339520495
3192, 0.00283578241815
3193, 0.0020623872132
3194, 0.00180458881155
3195, 0.00180458881155
3196, 0.00335137922145
3197, 0.00335137922145
3198, 0.00335137922145
3199, 0.0015467904099
3200, 0.00747615364785
3201, 0.00077339520495
3202, 0.0015467904099
3203, 0.0015467904099
3204, 0.0041247744264
3205, 0.00180458881155
3206, 0.00850734725445
3207, 0.00180458881155
3208, 0.0030935808198
3209, 0.00232018561485
3210, 0.0015467904099
3211, 0.0056715648363
3212, 0.005155968033
3213, 0.0020623872132
3214, 0.0030935808198
3215, 0.0020623872132
3216, 0.00128899200825
3217, 0.0015467904099
3218, 0.0020623872132
3219, 0.00850734725445
3220, 0.00283578241815
3221, 0.0036091776231
3222, 0.0010311936066
3223, 0.0025779840165
3224, 0.0005155968033
3225, 0.0025779840165
3226, 0.0041247744264
3227, 0.0020623872132
3228, 0.00232018561485
3229, 0.00128899200825
3230, 0.00077339520495
3231, 0.0015467904099
3232, 0.00283578241815
3233, 0.00128899200825
3234, 0.0010311936066
3235, 0.00232018561485
3236, 0.00232018561485
3237, 0.00180458881155
3238, 0.00283578241815
3239, 0.00232018561485
3240, 0.0025779840165
3241, 0.00180458881155
3242, 0.00541376643465
3243, 0.00592936323795
3244, 0.00180458881155
3245, 0.0025779840165
3246, 0.0015467904099
3247, 0.00283578241815
3248, 0.00438257282805
3249, 0.00232018561485
3250, 0.0036091776231
3251, 0.0015467904099
3252, 0.00283578241815
3253, 0.0005155968033
3254, 0.00283578241815
3255, 0.0036091776231
3256, 0.0025779840165
3257, 0.00128899200825
3258, 0.0010311936066
3259, 0.00541376643465
3260, 0.00283578241815
3261, 0.00180458881155
3262, 0.00799175045115
3263, 0.00335137922145
3264, 0.00128899200825
3265, 0.00180458881155
3266, 0.00541376643465
3267, 0.00232018561485
3268, 0.0072183552462
3269, 0.0030935808198
3270, 0.0010311936066
3271, 0.00232018561485
3272, 0.00283578241815
3273, 0.00128899200825
3274, 0.00283578241815
3275, 0.00180458881155
3276, 0.0025779840165
3277, 0.0015467904099
3278, 0.0010311936066
3279, 0.00128899200825
3280, 0.00232018561485
3281, 0.0005155968033
3282, 0.00438257282805
3283, 0.0020623872132
3284, 0.00232018561485
3285, 0.0005155968033
3286, 0.0061871616396
3287, 0.00335137922145
3288, 0.00128899200825
3289, 0.0005155968033
3290, 0.0025779840165
3291, 0.0015467904099
3292, 0.0010311936066
3293, 0.00180458881155
3294, 0.00077339520495
3295, 0.00232018561485
3296, 0.00180458881155
3297, 0.0010311936066
3298, 0.00232018561485
3299, 0.0015467904099
3300, 0.00232018561485
3301, 0.00232018561485
3302, 0.0015467904099
3303, 0.00128899200825
3304, 0.0030935808198
3305, 0.00232018561485
3306, 0.00025779840165
3307, 0.0030935808198
3308, 0.00077339520495
3309, 0.00232018561485
3310, 0.00232018561485
3311, 0.0015467904099
3312, 0.0010311936066
3313, 0.0020623872132
3314, 0.0025779840165
3315, 0.00335137922145
3316, 0.00128899200825
3317, 0.0072183552462
3318, 0.00335137922145
3319, 0.0005155968033
3320, 0.00283578241815
3321, 0.0020623872132
3322, 0.0025779840165
3323, 0.00128899200825
3324, 0.00128899200825
3325, 0.0036091776231
3326, 0.0025779840165
3327, 0.00077339520495
3328, 0.00077339520495
3329, 0.00128899200825
3330, 0.00283578241815
3331, 0.00180458881155
3332, 0.00592936323795
3333, 0.00232018561485
3334, 0.0041247744264
3335, 0.00283578241815
3336, 0.0030935808198
3337, 0.0010311936066
3338, 0.00077339520495
3339, 0.0010311936066
3340, 0.00541376643465
3341, 0.00283578241815
3342, 0.00180458881155
3343, 0.0025779840165
3344, 0.0061871616396
3345, 0.0020623872132
3346, 0.0015467904099
3347, 0.0015467904099
3348, 0.00232018561485
3349, 0.00180458881155
3350, 0.0015467904099
3351, 0.00232018561485
3352, 0.00077339520495
3353, 0.00128899200825
3354, 0.0020623872132
3355, 0.00180458881155
3356, 0.00386697602475
3357, 0.00799175045115
3358, 0.00128899200825
3359, 0.00180458881155
3360, 0.0010311936066
3361, 0.00283578241815
3362, 0.00283578241815
3363, 0.00232018561485
3364, 0.00232018561485
3365, 0.0041247744264
3366, 0.0061871616396
3367, 0.0010311936066
3368, 0.0025779840165
3369, 0.0030935808198
3370, 0.0067027584429
3371, 0.00077339520495
3372, 0.00232018561485
3373, 0.0005155968033
3374, 0.00180458881155
3375, 0.0020623872132
3376, 0.0005155968033
3377, 0.00644496004125
3378, 0.00180458881155
3379, 0.0010311936066
3380, 0.00025779840165
3381, 0.0010311936066
3382, 0.00283578241815
3383, 0.00128899200825
3384, 0.0005155968033
3385, 0.0010311936066
3386, 0.0030935808198
3387, 0.00232018561485
3388, 0.00180458881155
3389, 0.00232018561485
3390, 0.0020623872132
3391, 0.0025779840165
3392, 0.0020623872132
3393, 0.00386697602475
3394, 0.0020623872132
3395, 0.0005155968033
3396, 0.0020623872132
3397, 0.0015467904099
3398, 0.0020623872132
3399, 0.00335137922145
3400, 0.0020623872132
3401, 0.0015467904099
3402, 0.0030935808198
3403, 0.0010311936066
3404, 0.0025779840165
3405, 0.0015467904099
3406, 0.0005155968033
3407, 0.0025779840165
3408, 0.00180458881155
3409, 0.0015467904099
3410, 0.00180458881155
3411, 0.00128899200825
3412, 0.00128899200825
3413, 0.00128899200825
3414, 0.0025779840165
3415, 0.0030935808198
3416, 0.00077339520495
3417, 0.0015467904099
3418, 0.00180458881155
3419, 0.0072183552462
3420, 0.0010311936066
3421, 0.0030935808198
3422, 0.0041247744264
3423, 0.00180458881155
3424, 0.00180458881155
3425, 0.00232018561485
3426, 0.00232018561485
3427, 0.00180458881155
3428, 0.0015467904099
3429, 0.0015467904099
3430, 0.0030935808198
3431, 0.00077339520495
3432, 0.0005155968033
3433, 0.00180458881155
3434, 0.0010311936066
3435, 0.0020623872132
3436, 0.0010311936066
3437, 0.0036091776231
3438, 0.00128899200825
3439, 0.00232018561485
3440, 0.0025779840165
3441, 0.0015467904099
3442, 0.0020623872132
3443, 0.00232018561485
3444, 0.0020623872132
3445, 0.0025779840165
3446, 0.0020623872132
3447, 0.0005155968033
3448, 0.0010311936066
3449, 0.00128899200825
3450, 0.0025779840165
3451, 0.0010311936066
3452, 0.00335137922145
3453, 0.00077339520495
3454, 0.0010311936066
3455, 0.00128899200825
3456, 0.0010311936066
3457, 0.0020623872132
3458, 0.00128899200825
3459, 0.00180458881155
3460, 0.00232018561485
3461, 0.00025779840165
3462, 0.0020623872132
3463, 0.00128899200825
3464, 0.0020623872132
3465, 0.0005155968033
3466, 0.00180458881155
3467, 0.00232018561485
3468, 0.0005155968033
3469, 0.00025779840165
3470, 0.00283578241815
3471, 0.00232018561485
3472, 0.00283578241815
3473, 0.00232018561485
3474, 0.00180458881155
3475, 0.00128899200825
3476, 0.00180458881155
3477, 0.00180458881155
3478, 0.00283578241815
3479, 0.0036091776231
3480, 0.00232018561485
3481, 0.00025779840165
3482, 0.0015467904099
3483, 0.0015467904099
3484, 0.0005155968033
3485, 0.0030935808198
3486, 0.00283578241815
3487, 0.0005155968033
3488, 0.0005155968033
3489, 0.0010311936066
3490, 0.0010311936066
3491, 0.0005155968033
3492, 0.0005155968033
3493, 0.0015467904099
3494, 0.00232018561485
3495, 0.00180458881155
3496, 0.00128899200825
3497, 0.00180458881155
3498, 0.00077339520495
3499, 0.00386697602475
3500, 0.0015467904099
3501, 0.00283578241815
3502, 0.0030935808198
3503, 0.0005155968033
3504, 0.0015467904099
3505, 0.00077339520495
3506, 0.0010311936066
3507, 0.00077339520495
3508, 0.0015467904099
3509, 0.0036091776231
3510, 0.0015467904099
3511, 0.00180458881155
3512, 0.0020623872132
3513, 0.0025779840165
3514, 0.00232018561485
3515, 0.0025779840165
3516, 0.0010311936066
3517, 0.00232018561485
3518, 0.00180458881155
3519, 0.0015467904099
3520, 0.00283578241815
3521, 0.0010311936066
3522, 0.00180458881155
3523, 0.0020623872132
3524, 0.0015467904099
3525, 0.00077339520495
3526, 0.0005155968033
3527, 0.00180458881155
3528, 0.00077339520495
3529, 0.00128899200825
3530, 0.0030935808198
3531, 0.0025779840165
3532, 0.00180458881155
3533, 0.0010311936066
3534, 0.00128899200825
3535, 0.0005155968033
3536, 0.0030935808198
3537, 0.0015467904099
3538, 0.0015467904099
3539, 0.00077339520495
3540, 0.00077339520495
3541, 0.0030935808198
3542, 0.0015467904099
3543, 0.0025779840165
3544, 0.00232018561485
3545, 0.00232018561485
3546, 0.00077339520495
3547, 0.0005155968033
3548, 0.00232018561485
3549, 0.00077339520495
3550, 0.00232018561485
3551, 0.00232018561485
3552, 0.0020623872132
3553, 0.00232018561485
3554, 0.0015467904099
3555, 0.00077339520495
3556, 0.00128899200825
3557, 0.0010311936066
3558, 0.0010311936066
3559, 0.0025779840165
3560, 0.0020623872132
3561, 0.00232018561485
3562, 0.00025779840165
3563, 0.00232018561485
3564, 0.00232018561485
3565, 0.0025779840165
3566, 0.00077339520495
3567, 0.00025779840165
3568, 0.00077339520495
3569, 0.00747615364785
3570, 0.0005155968033
3571, 0.0010311936066
3572, 0.0005155968033
3573, 0.00077339520495
3574, 0.00180458881155
3575, 0.0025779840165
3576, 0.00180458881155
3577, 0.00232018561485
3578, 0.0015467904099
3579, 0.0015467904099
3580, 0.00180458881155
3581, 0.0010311936066
3582, 0.0010311936066
3583, 0.0020623872132
3584, 0.00180458881155
3585, 0.0005155968033
3586, 0.0025779840165
3587, 0.00180458881155
3588, 0.00128899200825
3589, 0.0015467904099
3590, 0.0020623872132
3591, 0.0025779840165
3592, 0.0010311936066
3593, 0.00335137922145
3594, 0.00128899200825
3595, 0.0005155968033
3596, 0.00025779840165
3597, 0.00077339520495
3598, 0.00335137922145
3599, 0.00180458881155
3600, 0.00180458881155
3601, 0.00077339520495
3602, 0.00077339520495
3603, 0.0020623872132
3604, 0.00128899200825
3605, 0.0015467904099
3606, 0.0015467904099
3607, 0.00180458881155
3608, 0.00128899200825
3609, 0.00232018561485
3610, 0.0005155968033
3611, 0.00077339520495
3612, 0.0010311936066
3613, 0.0015467904099
3614, 0.00180458881155
3615, 0.0025779840165
3616, 0.00283578241815
3617, 0.0005155968033
3618, 0.00283578241815
3619, 0.00232018561485
3620, 0.00180458881155
3621, 0.00180458881155
3622, 0.00077339520495
3623, 0.00180458881155
3624, 0.00180458881155
3625, 0.00180458881155
3626, 0.00128899200825
3627, 0.0015467904099
3628, 0.0020623872132
3629, 0.0005155968033
3630, 0.0005155968033
3631, 0.0015467904099
3632, 0.0005155968033
3633, 0.0015467904099
3634, 0.0020623872132
3635, 0.0010311936066
3636, 0.0005155968033
3637, 0.00025779840165
3638, 0.0010311936066
3639, 0.00128899200825
3640, 0.0015467904099
3641, 0.0010311936066
3642, 0.00128899200825
3643, 0.00232018561485
3644, 0.00077339520495
3645, 0.00180458881155
3646, 0.00283578241815
3647, 0.00025779840165
3648, 0.00180458881155
3649, 0.0010311936066
3650, 0.00283578241815
3651, 0.0025779840165
3652, 0.0020623872132
3653, 0.00077339520495
3654, 0.00128899200825
3655, 0.00077339520495
3656, 0.00128899200825
3657, 0.0010311936066
3658, 0.00128899200825
3659, 0.0005155968033
3660, 0.00128899200825
3661, 0.0010311936066
3662, 0.0010311936066
3663, 0.00025779840165
3664, 0.00077339520495
3665, 0.00180458881155
3666, 0.0005155968033
3667, 0.0005155968033
3668, 0.00025779840165
3669, 0.0015467904099
3670, 0.00283578241815
3671, 0.00025779840165
3672, 0.00077339520495
3673, 0.0010311936066
3674, 0.00077339520495
3675, 0.0005155968033
3676, 0.00025779840165
3677, 0.00077339520495
3678, 0.00232018561485
3679, 0.00077339520495
3680, 0.0020623872132
3681, 0.0025779840165
3682, 0.00025779840165
3683, 0.0010311936066
3684, 0.00128899200825
3685, 0.00025779840165
3686, 0.0010311936066
3687, 0.0010311936066
3688, 0.0005155968033
3689, 0.00077339520495
3690, 0.00232018561485
3691, 0.0010311936066
3692, 0.00077339520495
3693, 0.00180458881155
3694, 0.00025779840165
3695, 0.0015467904099
3696, 0.0030935808198
3697, 0.0005155968033
3698, 0.0005155968033
3699, 0.00077339520495
3700, 0.00077339520495
3701, 0.0010311936066
3702, 0.00128899200825
3703, 0.00077339520495
3704, 0.0005155968033
3705, 0.0010311936066
3706, 0.00025779840165
3707, 0.00128899200825
3708, 0.00180458881155
3709, 0.00232018561485
3710, 0.00077339520495
3711, 0.0010311936066
3712, 0.0010311936066
3713, 0.0015467904099
3714, 0.00180458881155
3715, 0.00077339520495
3716, 0.0010311936066
3717, 0.00077339520495
3718, 0.0015467904099
3719, 0.00077339520495
3720, 0.0015467904099
3721, 0.0005155968033
3722, 0.0005155968033
3723, 0.00128899200825
3724, 0.00180458881155
3725, 0.0020623872132
3726, 0.0005155968033
3727, 0.00128899200825
3728, 0.0015467904099
3729, 0.0005155968033
3730, 0.0015467904099
3731, 0.00025779840165
3732, 0.00232018561485
3733, 0.0010311936066
3734, 0.00077339520495
3735, 0.00232018561485
3736, 0.0010311936066
3737, 0.00180458881155
3738, 0.00180458881155
3739, 0.00128899200825
3740, 0.0010311936066
3741, 0.00077339520495
3742, 0.00025779840165
3743, 0.00077339520495
3744, 0.00128899200825
3745, 0.00128899200825
3746, 0.00077339520495
3747, 0.0010311936066
3748, 0.0025779840165
3749, 0.00128899200825
3750, 0.0010311936066
3751, 0.0025779840165
3752, 0.0015467904099
3753, 0.00077339520495
3754, 0.0010311936066
3755, 0.0010311936066
3756, 0.00128899200825
3757, 0.0005155968033
3758, 0.00025779840165
3759, 0.0010311936066
3760, 0.00025779840165
3761, 0.0010311936066
3762, 0.0010311936066
3763, 0.00025779840165
3764, 0.00025779840165
3765, 0.00025779840165
3766, 0.0005155968033
3767, 0.0005155968033
3768, 0.00077339520495
3769, 0.00180458881155
3770, 0.00077339520495
3771, 0.00077339520495
3772, 0.00077339520495
3773, 0.00128899200825
3774, 0.0020623872132
3775, 0.00128899200825
3776, 0.00077339520495
3777, 0.0010311936066
3778, 0.00025779840165
3779, 0.0010311936066
3780, 0.0010311936066
3781, 0.0005155968033
3782, 0.00128899200825
3783, 0.00077339520495
3784, 0.0005155968033
3785, 0.0005155968033
3786, 0.00128899200825
3787, 0.0005155968033
3788, 0.0005155968033
3789, 0.00025779840165
3790, 0.0005155968033
3791, 0.00077339520495
3792, 0.00025779840165
3793, 0.0005155968033
3794, 0.00025779840165
3795, 0.00077339520495
3796, 0.0010311936066
3797, 0.00077339520495
3798, 0.0010311936066
3799, 0.00025779840165
3800, 0.00180458881155
3801, 0.00025779840165
3802, 0.00025779840165
3803, 0.0005155968033
3804, 0.00025779840165
3805, 0.0005155968033
3806, 0.00283578241815
3807, 0.0005155968033
3808, 0.0010311936066
3809, 0.0005155968033
3810, 0.0005155968033
3811, 0.0005155968033
3812, 0.0005155968033
3813, 0.00025779840165
3814, 0.0010311936066
3815, 0.00077339520495
3816, 0.0005155968033
3817, 0.00077339520495
3818, 0.00025779840165
3819, 0.00077339520495
3820, 0.00077339520495
3821, 0.00077339520495
3822, 0.0015467904099
3823, 0.00025779840165
3824, 0.00025779840165
3825, 0.0005155968033
3826, 0.00025779840165
3827, 0.00077339520495
3828, 0.00025779840165
3829, 0.00077339520495
3830, 0.00025779840165
3831, 0.0015467904099
3832, 0.0005155968033
3833, 0.00077339520495
3834, 0.00077339520495
3835, 0.00180458881155
3836, 0.0005155968033
3837, 0.0005155968033
3838, 0.0010311936066
3839, 0.00128899200825
3840, 0.00077339520495
3841, 0.0005155968033
3842, 0.00025779840165
3843, 0.00025779840165
3844, 0.00025779840165
3845, 0.0010311936066
3846, 0.00025779840165
3847, 0.00025779840165
3848, 0.00077339520495
3849, 0.00025779840165
3850, 0.00025779840165
3851, 0.0010311936066
3852, 0.00077339520495
3853, 0.00025779840165
3854, 0.0005155968033
3855, 0.0005155968033
3856, 0.00025779840165
3857, 0.00025779840165
3858, 0.00077339520495
3859, 0.00025779840165
3860, 0.0005155968033
3861, 0.0005155968033
3862, 0.00025779840165
3863, 0.00077339520495
3864, 0.00025779840165
3865, 0.0005155968033
3866, 0.00077339520495
3867, 0.00077339520495
3868, 0.0005155968033
3869, 0.0005155968033
3870, 0.00025779840165
3871, 0.00025779840165
3872, 0.0005155968033
3873, 0.00025779840165
3874, 0.00025779840165
3875, 0.00025779840165
3876, 0.00025779840165
3877, 0.00025779840165
3878, 0.00025779840165
