0, 0.00645327826536
1, 0.00696954052659
2, 0.00774393391843
3, 0.0224574083634
4, 0.00232318017553
5, 0.00774393391843
6, 0.0196179659267
7, 0.00826019617966
8, 0.00206504904491
9, 0.00696954052659
10, 0.00955085183273
11, 0.0255549819308
12, 0.00774393391843
13, 0.010067114094
14, 0.0245224574084
15, 0.00103252452246
16, 0.00774393391843
17, 0.00567888487352
18, 0.00283944243676
19, 0.00748580278782
20, 0.00696954052659
21, 0.0216830149716
22, 0.00671140939597
23, 0.0245224574084
24, 0.00980898296335
25, 0.0224574083634
26, 0.0232318017553
27, 0.0209086215798
28, 0.00800206504904
29, 0.0219411461022
30, 0.00335570469799
31, 0.0072276716572
32, 0.00232318017553
33, 0.0201342281879
34, 0.00671140939597
35, 0.0209086215798
36, 0.00645327826536
37, 0.00748580278782
38, 0.0229736706247
39, 0.00748580278782
40, 0.0165203923593
41, 0.00309757356737
42, 0.00567888487352
43, 0.00748580278782
44, 0.00671140939597
45, 0.026071244192
46, 0.0234899328859
47, 0.0224574083634
48, 0.00980898296335
49, 0.00826019617966
50, 0.0203923593185
51, 0.0216830149716
52, 0.000774393391843
53, 0.024780588539
54, 0.00748580278782
55, 0.0209086215798
56, 0.0273618998451
57, 0.0216830149716
58, 0.00309757356737
59, 0.0245224574084
60, 0.00619514713474
61, 0.0237480640165
62, 0.0203923593185
63, 0.00929272070212
64, 0.024780588539
65, 0.00800206504904
66, 0.0036138358286
67, 0.00748580278782
68, 0.0206504904491
69, 0.010067114094
70, 0.00671140939597
71, 0.00851832731027
72, 0.00619514713474
73, 0.00619514713474
74, 0.00800206504904
75, 0.00774393391843
76, 0.0219411461022
77, 0.00826019617966
78, 0.0237480640165
79, 0.00851832731027
80, 0.00516262261229
81, 0.00826019617966
82, 0.00645327826536
83, 0.0229736706247
84, 0.024780588539
85, 0.0291688177594
86, 0.00154878678369
87, 0.0211667527104
88, 0.00851832731027
89, 0.0216830149716
90, 0.00438822922044
91, 0.00258131130614
92, 0.0250387196696
93, 0.00258131130614
94, 0.0211667527104
95, 0.0221992772328
96, 0.00748580278782
97, 0.00490449148167
98, 0.024780588539
99, 0.00826019617966
100, 0.00335570469799
101, 0.0240061951471
102, 0.0196179659267
103, 0.0018069179143
104, 0.00748580278782
105, 0.0054207537429
106, 0.00103252452246
107, 0.0211667527104
108, 0.00335570469799
109, 0.0209086215798
110, 0.0252968508002
111, 0.00232318017553
112, 0.00748580278782
113, 0.0206504904491
114, 0.00877645844089
115, 0.0252968508002
116, 0.00645327826536
117, 0.0227155394941
118, 0.00232318017553
119, 0.00980898296335
120, 0.0221992772328
121, 0.0196179659267
122, 0.0090345895715
123, 0.0216830149716
124, 0.0018069179143
125, 0.00851832731027
126, 0.00774393391843
127, 0.00258131130614
128, 0.00851832731027
129, 0.0090345895715
130, 0.00955085183273
131, 0.0258131130614
132, 0.00129065565307
133, 0.00748580278782
134, 0.0221992772328
135, 0.024780588539
136, 0.00129065565307
137, 0.0090345895715
138, 0.00696954052659
139, 0.0175529168818
140, 0.00258131130614
141, 0.0245224574084
142, 0.00619514713474
143, 0.0232318017553
144, 0.00851832731027
145, 0.021424883841
146, 0.000516262261229
147, 0.00206504904491
148, 0.00929272070212
149, 0.00851832731027
150, 0.00851832731027
151, 0.00696954052659
152, 0.00774393391843
153, 0.00851832731027
154, 0.00490449148167
155, 0.00851832731027
156, 0.00516262261229
157, 0.00516262261229
158, 0.00438822922044
159, 0.00335570469799
160, 0.00129065565307
161, 0.00490449148167
162, 0.0271037687145
163, 0.0258131130614
164, 0.00645327826536
165, 0.00258131130614
166, 0.00800206504904
167, 0.00567888487352
168, 0.00748580278782
169, 0.00335570469799
170, 0.0245224574084
171, 0.00619514713474
172, 0.0206504904491
173, 0.00696954052659
174, 0.0234899328859
175, 0.0188435725348
176, 0.0271037687145
177, 0.00309757356737
178, 0.00877645844089
179, 0.00567888487352
180, 0.0242643262777
181, 0.00464636035106
182, 0.0229736706247
183, 0.00877645844089
184, 0.0271037687145
185, 0.0209086215798
186, 0.0193598347961
187, 0.0216830149716
188, 0.00671140939597
189, 0.00851832731027
190, 0.00413009808983
191, 0.0252968508002
192, 0.024780588539
193, 0.0242643262777
194, 0.00774393391843
195, 0.00696954052659
196, 0.00826019617966
197, 0.00980898296335
198, 0.00593701600413
199, 0.00774393391843
200, 0.00696954052659
201, 0.0237480640165
202, 0.026071244192
203, 0.010067114094
204, 0.0224574083634
205, 0.0198760970573
206, 0.00206504904491
207, 0.00774393391843
208, 0.0219411461022
209, 0.0036138358286
210, 0.0229736706247
211, 0.0258131130614
212, 0.00335570469799
213, 0.0211667527104
214, 0.00413009808983
215, 0.0209086215798
216, 0.00748580278782
217, 0.00129065565307
218, 0.0237480640165
219, 0.00309757356737
220, 0.0232318017553
221, 0.00826019617966
222, 0.00774393391843
223, 0.0201342281879
224, 0.0211667527104
225, 0.00748580278782
226, 0.00154878678369
227, 0.00309757356737
228, 0.00774393391843
229, 0.0227155394941
230, 0.00258131130614
231, 0.00851832731027
232, 0.00671140939597
233, 0.0090345895715
234, 0.00929272070212
235, 0.0227155394941
236, 0.00851832731027
237, 0.00929272070212
238, 0.0234899328859
239, 0.00877645844089
240, 0.0072276716572
241, 0.00593701600413
242, 0.00671140939597
243, 0.00851832731027
244, 0.00593701600413
245, 0.0234899328859
246, 0.00129065565307
247, 0.0255549819308
248, 0.021424883841
249, 0.0072276716572
250, 0.00774393391843
251, 0.0252968508002
252, 0.00748580278782
253, 0.0240061951471
254, 0.0229736706247
255, 0.00645327826536
256, 0.00645327826536
257, 0.021424883841
258, 0.00645327826536
259, 0.00696954052659
260, 0.00748580278782
261, 0.0291688177594
262, 0.0211667527104
263, 0.00748580278782
264, 0.0237480640165
265, 0.0198760970573
266, 0.010067114094
267, 0.010067114094
268, 0.00387196695922
269, 0.00232318017553
270, 0.0219411461022
271, 0.0255549819308
272, 0.0211667527104
273, 0.00258131130614
274, 0.00387196695922
275, 0.011357769747
276, 0.00619514713474
277, 0.00748580278782
278, 0.0232318017553
279, 0.00309757356737
280, 0.00619514713474
281, 0.0054207537429
282, 0.021424883841
283, 0.00877645844089
284, 0.0206504904491
285, 0.0224574083634
286, 0.0216830149716
287, 0.00826019617966
288, 0.0242643262777
289, 0.0227155394941
290, 0.00980898296335
291, 0.00464636035106
292, 0.00490449148167
293, 0.00826019617966
294, 0.000774393391843
295, 0.0018069179143
296, 0.0258131130614
297, 0.00232318017553
298, 0.0224574083634
299, 0.00309757356737
300, 0.00877645844089
301, 0.00929272070212
302, 0.0265875064533
303, 0.00671140939597
304, 0.010067114094
305, 0.00980898296335
306, 0.00696954052659
307, 0.00154878678369
308, 0.00696954052659
309, 0.0227155394941
310, 0.00206504904491
311, 0.0242643262777
312, 0.00929272070212
313, 0.00387196695922
314, 0.0072276716572
315, 0.0183273102736
316, 0.0250387196696
317, 0.0191017036655
318, 0.00387196695922
319, 0.0206504904491
320, 0.0296850800207
321, 0.00619514713474
322, 0.00283944243676
323, 0.0178110480124
324, 0.00826019617966
325, 0.00671140939597
326, 0.00619514713474
327, 0.00877645844089
328, 0.00283944243676
329, 0.0237480640165
330, 0.0211667527104
331, 0.00748580278782
332, 0.0219411461022
333, 0.0227155394941
334, 0.0255549819308
335, 0.0209086215798
336, 0.0103252452246
337, 0.0224574083634
338, 0.0090345895715
339, 0.0229736706247
340, 0.00309757356737
341, 0.0185854414042
342, 0.00800206504904
343, 0.00309757356737
344, 0.0224574083634
345, 0.00103252452246
346, 0.00129065565307
347, 0.00645327826536
348, 0.0183273102736
349, 0.0229736706247
350, 0.00851832731027
351, 0.0072276716572
352, 0.0185854414042
353, 0.00645327826536
354, 0.0242643262777
355, 0.00619514713474
356, 0.00696954052659
357, 0.0054207537429
358, 0.00826019617966
359, 0.00232318017553
360, 0.026071244192
361, 0.021424883841
362, 0.00258131130614
363, 0.0201342281879
364, 0.0018069179143
365, 0.0209086215798
366, 0.0250387196696
367, 0.00645327826536
368, 0.00283944243676
369, 0.00387196695922
370, 0.021424883841
371, 0.00929272070212
372, 0.00826019617966
373, 0.010067114094
374, 0.00671140939597
375, 0.00206504904491
376, 0.0054207537429
377, 0.00826019617966
378, 0.0234899328859
379, 0.00929272070212
380, 0.00258131130614
381, 0.00826019617966
382, 0.00748580278782
383, 0.00154878678369
384, 0.0054207537429
385, 0.00671140939597
386, 0.0216830149716
387, 0.0234899328859
388, 0.0227155394941
389, 0.0234899328859
390, 0.0196179659267
391, 0.00283944243676
392, 0.0196179659267
393, 0.0018069179143
394, 0.000516262261229
395, 0.0090345895715
396, 0.0250387196696
397, 0.0219411461022
398, 0.0105833763552
399, 0.00387196695922
400, 0.00206504904491
401, 0.00283944243676
402, 0.00387196695922
403, 0.0224574083634
404, 0.0263293753227
405, 0.00826019617966
406, 0.0036138358286
407, 0.0232318017553
408, 0.00877645844089
409, 0.00774393391843
410, 0.00696954052659
411, 0.024780588539
412, 0.0234899328859
413, 0.0224574083634
414, 0.00851832731027
415, 0.0072276716572
416, 0.00413009808983
417, 0.0245224574084
418, 0.00258131130614
419, 0.0216830149716
420, 0.0240061951471
421, 0.00335570469799
422, 0.00671140939597
423, 0.00929272070212
424, 0.00258131130614
425, 0.00800206504904
426, 0.0178110480124
427, 0.0072276716572
428, 0.0227155394941
429, 0.00593701600413
430, 0.0018069179143
431, 0.0196179659267
432, 0.0072276716572
433, 0.00593701600413
434, 0.0209086215798
435, 0.0252968508002
436, 0.00851832731027
437, 0.00619514713474
438, 0.0036138358286
439, 0.00154878678369
440, 0.00129065565307
441, 0.0206504904491
442, 0.00309757356737
443, 0.00826019617966
444, 0.00129065565307
445, 0.00258131130614
446, 0.00335570469799
447, 0.0198760970573
448, 0.00335570469799
449, 0.010067114094
450, 0.0072276716572
451, 0.0216830149716
452, 0.0224574083634
453, 0.0263293753227
454, 0.0072276716572
455, 0.0216830149716
456, 0.00877645844089
457, 0.0227155394941
458, 0.00696954052659
459, 0.00129065565307
460, 0.0036138358286
461, 0.00619514713474
462, 0.0227155394941
463, 0.0211667527104
464, 0.00645327826536
465, 0.00309757356737
466, 0.00206504904491
467, 0.021424883841
468, 0.0072276716572
469, 0.00671140939597
470, 0.00800206504904
471, 0.0167785234899
472, 0.00567888487352
473, 0.0090345895715
474, 0.000774393391843
475, 0.00413009808983
476, 0.00774393391843
477, 0.0237480640165
478, 0.0196179659267
479, 0.00593701600413
480, 0.00774393391843
481, 0.00877645844089
482, 0.0090345895715
483, 0.0216830149716
484, 0.00955085183273
485, 0.0227155394941
486, 0.00774393391843
487, 0.010067114094
488, 0.00335570469799
489, 0.00671140939597
490, 0.00800206504904
491, 0.0255549819308
492, 0.0018069179143
493, 0.0234899328859
494, 0.00748580278782
495, 0.00748580278782
496, 0.0211667527104
497, 0.00645327826536
498, 0.0224574083634
499, 0.00619514713474
500, 0.00671140939597
501, 0.00877645844089
502, 0.021424883841
503, 0.0090345895715
504, 0.0234899328859
505, 0.00129065565307
506, 0.0271037687145
507, 0.0103252452246
508, 0.0196179659267
509, 0.024780588539
510, 0.0242643262777
511, 0.00490449148167
512, 0.00232318017553
513, 0.0240061951471
514, 0.00955085183273
515, 0.00774393391843
516, 0.024780588539
517, 0.0072276716572
518, 0.0234899328859
519, 0.00800206504904
520, 0.00645327826536
521, 0.026071244192
522, 0.00696954052659
523, 0.00206504904491
524, 0.00929272070212
525, 0.00309757356737
526, 0.0252968508002
527, 0.0072276716572
528, 0.0240061951471
529, 0.0209086215798
530, 0.00645327826536
531, 0.0229736706247
532, 0.00696954052659
533, 0.0229736706247
534, 0.00593701600413
535, 0.00387196695922
536, 0.00154878678369
537, 0.00258131130614
538, 0.00851832731027
539, 0.00283944243676
540, 0.024780588539
541, 0.0234899328859
542, 0.0211667527104
543, 0.000774393391843
544, 0.0072276716572
545, 0.00748580278782
546, 0.0250387196696
547, 0.00283944243676
548, 0.00645327826536
549, 0.00232318017553
550, 0.00645327826536
551, 0.0232318017553
552, 0.00309757356737
553, 0.00748580278782
554, 0.0255549819308
555, 0.0216830149716
556, 0.00567888487352
557, 0.0018069179143
558, 0.0072276716572
559, 0.0234899328859
560, 0.00774393391843
561, 0.00232318017553
562, 0.018069179143
563, 0.00309757356737
564, 0.00929272070212
565, 0.0183273102736
566, 0.00258131130614
567, 0.00309757356737
568, 0.0232318017553
569, 0.0227155394941
570, 0.00567888487352
571, 0.0209086215798
572, 0.00851832731027
573, 0.00335570469799
574, 0.0054207537429
575, 0.0036138358286
576, 0.00283944243676
577, 0.00851832731027
578, 0.0211667527104
579, 0.00877645844089
580, 0.00567888487352
581, 0.0209086215798
582, 0.0198760970573
583, 0.00826019617966
584, 0.0237480640165
585, 0.0237480640165
586, 0.0196179659267
587, 0.0072276716572
588, 0.00671140939597
589, 0.0105833763552
590, 0.00387196695922
591, 0.00258131130614
592, 0.00129065565307
593, 0.0170366546205
594, 0.0252968508002
595, 0.021424883841
596, 0.0224574083634
597, 0.00696954052659
598, 0.00645327826536
599, 0.0234899328859
600, 0.0198760970573
601, 0.00671140939597
602, 0.00696954052659
603, 0.010067114094
604, 0.00232318017553
605, 0.00129065565307
606, 0.0072276716572
607, 0.0191017036655
608, 0.00258131130614
609, 0.00800206504904
610, 0.024780588539
611, 0.0229736706247
612, 0.0232318017553
613, 0.0286525554982
614, 0.0245224574084
615, 0.0263293753227
616, 0.000774393391843
617, 0.00258131130614
618, 0.00980898296335
619, 0.0072276716572
620, 0.0245224574084
621, 0.00335570469799
622, 0.0193598347961
623, 0.00283944243676
624, 0.0209086215798
625, 0.00774393391843
626, 0.00826019617966
627, 0.00955085183273
628, 0.024780588539
629, 0.0234899328859
630, 0.0237480640165
631, 0.00309757356737
632, 0.0036138358286
633, 0.0162622612287
634, 0.00671140939597
635, 0.0090345895715
636, 0.0237480640165
637, 0.0252968508002
638, 0.00696954052659
639, 0.00774393391843
640, 0.0216830149716
641, 0.00645327826536
642, 0.0072276716572
643, 0.00413009808983
644, 0.0240061951471
645, 0.000774393391843
646, 0.0221992772328
647, 0.0232318017553
648, 0.0072276716572
649, 0.00826019617966
650, 0.0252968508002
651, 0.0240061951471
652, 0.00774393391843
653, 0.0265875064533
654, 0.00800206504904
655, 0.00696954052659
656, 0.0245224574084
657, 0.00980898296335
658, 0.00800206504904
659, 0.00619514713474
660, 0.0252968508002
661, 0.0263293753227
662, 0.0242643262777
663, 0.0237480640165
664, 0.00645327826536
665, 0.0103252452246
666, 0.00851832731027
667, 0.021424883841
668, 0.00748580278782
669, 0.0252968508002
670, 0.00438822922044
671, 0.0185854414042
672, 0.00671140939597
673, 0.00645327826536
674, 0.00154878678369
675, 0.00826019617966
676, 0.00929272070212
677, 0.0245224574084
678, 0.00490449148167
679, 0.00774393391843
680, 0.0193598347961
681, 0.0206504904491
682, 0.00877645844089
683, 0.00258131130614
684, 0.00283944243676
685, 0.00851832731027
686, 0.00748580278782
687, 0.00748580278782
688, 0.00955085183273
689, 0.00696954052659
690, 0.00748580278782
691, 0.0103252452246
692, 0.00774393391843
693, 0.00800206504904
694, 0.00232318017553
695, 0.00774393391843
696, 0.00593701600413
697, 0.00877645844089
698, 0.0090345895715
699, 0.00748580278782
700, 0.00103252452246
701, 0.00438822922044
702, 0.00696954052659
703, 0.0196179659267
704, 0.00593701600413
705, 0.0178110480124
706, 0.00955085183273
707, 0.00671140939597
708, 0.00490449148167
709, 0.0224574083634
710, 0.0221992772328
711, 0.0245224574084
712, 0.0245224574084
713, 0.0219411461022
714, 0.0240061951471
715, 0.0234899328859
716, 0.00413009808983
717, 0.00748580278782
718, 0.00593701600413
719, 0.0072276716572
720, 0.00877645844089
721, 0.0268456375839
722, 0.00826019617966
723, 0.00696954052659
724, 0.00748580278782
725, 0.0271037687145
726, 0.0242643262777
727, 0.00851832731027
728, 0.0219411461022
729, 0.0252968508002
730, 0.00490449148167
731, 0.00154878678369
732, 0.0036138358286
733, 0.00851832731027
734, 0.00567888487352
735, 0.00826019617966
736, 0.00774393391843
737, 0.00929272070212
738, 0.0103252452246
739, 0.0203923593185
740, 0.00748580278782
741, 0.00748580278782
742, 0.00335570469799
743, 0.00748580278782
744, 0.0072276716572
745, 0.00206504904491
746, 0.00335570469799
747, 0.00258131130614
748, 0.00232318017553
749, 0.0054207537429
750, 0.00335570469799
751, 0.00645327826536
752, 0.00748580278782
753, 0.0255549819308
754, 0.0090345895715
755, 0.00258131130614
756, 0.0229736706247
757, 0.00283944243676
758, 0.0216830149716
759, 0.026071244192
760, 0.00335570469799
761, 0.00748580278782
762, 0.00516262261229
763, 0.00955085183273
764, 0.00929272070212
765, 0.00335570469799
766, 0.00516262261229
767, 0.00774393391843
768, 0.00671140939597
769, 0.0224574083634
770, 0.00206504904491
771, 0.010067114094
772, 0.00748580278782
773, 0.00567888487352
774, 0.0090345895715
775, 0.00851832731027
776, 0.0018069179143
777, 0.0216830149716
778, 0.0240061951471
779, 0.0072276716572
780, 0.00929272070212
781, 0.0072276716572
782, 0.0234899328859
783, 0.00774393391843
784, 0.00593701600413
785, 0.00258131130614
786, 0.00206504904491
787, 0.00800206504904
788, 0.0211667527104
789, 0.00309757356737
790, 0.00929272070212
791, 0.0103252452246
792, 0.00413009808983
793, 0.0191017036655
794, 0.0036138358286
795, 0.0072276716572
796, 0.00929272070212
797, 0.0227155394941
798, 0.00309757356737
799, 0.0252968508002
800, 0.00826019617966
801, 0.0219411461022
802, 0.024780588539
803, 0.00335570469799
804, 0.00671140939597
805, 0.00645327826536
806, 0.0224574083634
807, 0.0178110480124
808, 0.00851832731027
809, 0.0271037687145
810, 0.00309757356737
811, 0.0211667527104
812, 0.00774393391843
813, 0.0245224574084
814, 0.0265875064533
815, 0.00619514713474
816, 0.010067114094
817, 0.0291688177594
818, 0.00258131130614
819, 0.00309757356737
820, 0.00645327826536
821, 0.00851832731027
822, 0.00413009808983
823, 0.021424883841
824, 0.0234899328859
825, 0.00877645844089
826, 0.0242643262777
827, 0.00206504904491
828, 0.0211667527104
829, 0.0201342281879
830, 0.00645327826536
831, 0.00283944243676
832, 0.00748580278782
833, 0.0206504904491
834, 0.00748580278782
835, 0.0178110480124
836, 0.00309757356737
837, 0.00774393391843
838, 0.0211667527104
839, 0.00309757356737
840, 0.0178110480124
841, 0.00490449148167
842, 0.00671140939597
843, 0.00774393391843
844, 0.0196179659267
845, 0.00774393391843
846, 0.0036138358286
847, 0.00877645844089
848, 0.00645327826536
849, 0.000516262261229
850, 0.0090345895715
851, 0.0103252452246
852, 0.0240061951471
853, 0.00851832731027
854, 0.00748580278782
855, 0.00929272070212
856, 0.0211667527104
857, 0.00335570469799
858, 0.0234899328859
859, 0.00774393391843
860, 0.0103252452246
861, 0.00671140939597
862, 0.00490449148167
863, 0.00283944243676
864, 0.0072276716572
865, 0.00206504904491
866, 0.00645327826536
867, 0.00877645844089
868, 0.00748580278782
869, 0.0240061951471
870, 0.00206504904491
871, 0.0252968508002
872, 0.00258131130614
873, 0.00335570469799
874, 0.0090345895715
875, 0.0234899328859
876, 0.0237480640165
877, 0.00619514713474
878, 0.00464636035106
879, 0.000774393391843
880, 0.0240061951471
881, 0.00877645844089
882, 0.0221992772328
883, 0.00567888487352
884, 0.00335570469799
885, 0.00283944243676
886, 0.00206504904491
887, 0.00671140939597
888, 0.021424883841
889, 0.0232318017553
890, 0.00671140939597
891, 0.00645327826536
892, 0.00232318017553
893, 0.0072276716572
894, 0.0196179659267
895, 0.0072276716572
896, 0.00206504904491
897, 0.0203923593185
898, 0.026071244192
899, 0.00826019617966
900, 0.0072276716572
901, 0.00309757356737
902, 0.0242643262777
903, 0.010067114094
904, 0.0105833763552
905, 0.00774393391843
906, 0.00696954052659
907, 0.00671140939597
908, 0.00593701600413
909, 0.00851832731027
910, 0.0227155394941
911, 0.00619514713474
912, 0.0090345895715
913, 0.00593701600413
914, 0.0255549819308
915, 0.0227155394941
916, 0.0224574083634
917, 0.0240061951471
918, 0.00490449148167
919, 0.0198760970573
920, 0.00103252452246
921, 0.0191017036655
922, 0.00826019617966
923, 0.00283944243676
924, 0.0054207537429
925, 0.00851832731027
926, 0.00335570469799
927, 0.00826019617966
928, 0.00206504904491
929, 0.00232318017553
930, 0.00232318017553
931, 0.0123902942695
932, 0.0018069179143
933, 0.00232318017553
934, 0.0072276716572
935, 0.0036138358286
936, 0.0224574083634
937, 0.00696954052659
938, 0.00800206504904
939, 0.00800206504904
940, 0.00387196695922
941, 0.0072276716572
942, 0.0036138358286
943, 0.0185854414042
944, 0.00258131130614
945, 0.00206504904491
946, 0.00619514713474
947, 0.00619514713474
948, 0.0240061951471
949, 0.00774393391843
950, 0.00206504904491
951, 0.00774393391843
952, 0.00774393391843
953, 0.0268456375839
954, 0.00774393391843
955, 0.00774393391843
956, 0.00851832731027
957, 0.00645327826536
958, 0.00619514713474
959, 0.0211667527104
960, 0.00645327826536
961, 0.00671140939597
962, 0.0268456375839
963, 0.0203923593185
964, 0.00413009808983
965, 0.0183273102736
966, 0.0054207537429
967, 0.00671140939597
968, 0.00877645844089
969, 0.00206504904491
970, 0.00232318017553
971, 0.0054207537429
972, 0.00567888487352
973, 0.0072276716572
974, 0.024780588539
975, 0.0090345895715
976, 0.00335570469799
977, 0.0209086215798
978, 0.00309757356737
979, 0.00335570469799
980, 0.00593701600413
981, 0.0198760970573
982, 0.0090345895715
983, 0.021424883841
984, 0.0224574083634
985, 0.0196179659267
986, 0.0090345895715
987, 0.0216830149716
988, 0.00283944243676
989, 0.00258131130614
990, 0.00283944243676
991, 0.0090345895715
992, 0.00826019617966
993, 0.00774393391843
994, 0.00438822922044
995, 0.024780588539
996, 0.00309757356737
997, 0.0054207537429
998, 0.00283944243676
999, 0.00800206504904
1000, 0.0209086215798
1001, 0.00877645844089
1002, 0.00929272070212
1003, 0.00619514713474
1004, 0.024780588539
1005, 0.0054207537429
1006, 0.00258131130614
1007, 0.0183273102736
1008, 0.0196179659267
1009, 0.0211667527104
1010, 0.00438822922044
1011, 0.00258131130614
1012, 0.00335570469799
1013, 0.0216830149716
1014, 0.00258131130614
1015, 0.00206504904491
1016, 0.00154878678369
1017, 0.00154878678369
1018, 0.00206504904491
1019, 0.0232318017553
1020, 0.0054207537429
1021, 0.00748580278782
1022, 0.000774393391843
1023, 0.00748580278782
1024, 0.00671140939597
1025, 0.00490449148167
1026, 0.00309757356737
1027, 0.00955085183273
1028, 0.0072276716572
1029, 0.00438822922044
1030, 0.00851832731027
1031, 0.00154878678369
1032, 0.00567888487352
1033, 0.00774393391843
1034, 0.0072276716572
1035, 0.00696954052659
1036, 0.00567888487352
1037, 0.000516262261229
1038, 0.00955085183273
1039, 0.00826019617966
1040, 0.0072276716572
1041, 0.00800206504904
1042, 0.0227155394941
1043, 0.0216830149716
1044, 0.00309757356737
1045, 0.00774393391843
1046, 0.0219411461022
1047, 0.0090345895715
1048, 0.00232318017553
1049, 0.0201342281879
1050, 0.00335570469799
1051, 0.0072276716572
1052, 0.00800206504904
1053, 0.00696954052659
1054, 0.00748580278782
1055, 0.00645327826536
1056, 0.00826019617966
1057, 0.0229736706247
1058, 0.0018069179143
1059, 0.00258131130614
1060, 0.00671140939597
1061, 0.00206504904491
1062, 0.0196179659267
1063, 0.00232318017553
1064, 0.0219411461022
1065, 0.00154878678369
1066, 0.0216830149716
1067, 0.00851832731027
1068, 0.010067114094
1069, 0.00696954052659
1070, 0.00258131130614
1071, 0.00774393391843
1072, 0.00309757356737
1073, 0.00490449148167
1074, 0.00516262261229
1075, 0.00129065565307
1076, 0.00645327826536
1077, 0.00877645844089
1078, 0.00645327826536
1079, 0.0237480640165
1080, 0.00980898296335
1081, 0.00696954052659
1082, 0.00206504904491
1083, 0.00335570469799
1084, 0.00774393391843
1085, 0.00696954052659
1086, 0.00309757356737
1087, 0.00877645844089
1088, 0.00774393391843
1089, 0.0224574083634
1090, 0.0216830149716
1091, 0.00800206504904
1092, 0.00671140939597
1093, 0.00696954052659
1094, 0.0018069179143
1095, 0.00851832731027
1096, 0.00464636035106
1097, 0.00929272070212
1098, 0.0018069179143
1099, 0.0216830149716
1100, 0.00826019617966
1101, 0.00851832731027
1102, 0.00774393391843
1103, 0.00980898296335
1104, 0.0175529168818
1105, 0.00129065565307
1106, 0.00464636035106
1107, 0.00258131130614
1108, 0.0271037687145
1109, 0.00490449148167
1110, 0.00413009808983
1111, 0.00774393391843
1112, 0.018069179143
1113, 0.0224574083634
1114, 0.0036138358286
1115, 0.00774393391843
1116, 0.00593701600413
1117, 0.0209086215798
1118, 0.0229736706247
1119, 0.00283944243676
1120, 0.0227155394941
1121, 0.00309757356737
1122, 0.00645327826536
1123, 0.00567888487352
1124, 0.00851832731027
1125, 0.00774393391843
1126, 0.0232318017553
1127, 0.00129065565307
1128, 0.00851832731027
1129, 0.00980898296335
1130, 0.0103252452246
1131, 0.00593701600413
1132, 0.0216830149716
1133, 0.0018069179143
1134, 0.00696954052659
1135, 0.00645327826536
1136, 0.00335570469799
1137, 0.00283944243676
1138, 0.00980898296335
1139, 0.00206504904491
1140, 0.00851832731027
1141, 0.00877645844089
1142, 0.00567888487352
1143, 0.0072276716572
1144, 0.0237480640165
1145, 0.0221992772328
1146, 0.00800206504904
1147, 0.00929272070212
1148, 0.00283944243676
1149, 0.00413009808983
1150, 0.00800206504904
1151, 0.0237480640165
1152, 0.00283944243676
1153, 0.00826019617966
1154, 0.00283944243676
1155, 0.00877645844089
1156, 0.0219411461022
1157, 0.00851832731027
1158, 0.00800206504904
1159, 0.00335570469799
1160, 0.00593701600413
1161, 0.00748580278782
1162, 0.00154878678369
1163, 0.00800206504904
1164, 0.00696954052659
1165, 0.0072276716572
1166, 0.0036138358286
1167, 0.0198760970573
1168, 0.0018069179143
1169, 0.00593701600413
1170, 0.00103252452246
1171, 0.0206504904491
1172, 0.00516262261229
1173, 0.00619514713474
1174, 0.00774393391843
1175, 0.0240061951471
1176, 0.00671140939597
1177, 0.00851832731027
1178, 0.00851832731027
1179, 0.00619514713474
1180, 0.0232318017553
1181, 0.0108415074858
1182, 0.0183273102736
1183, 0.00206504904491
1184, 0.0203923593185
1185, 0.00671140939597
1186, 0.00851832731027
1187, 0.00103252452246
1188, 0.00748580278782
1189, 0.0191017036655
1190, 0.00232318017553
1191, 0.0018069179143
1192, 0.0250387196696
1193, 0.0227155394941
1194, 0.00645327826536
1195, 0.00800206504904
1196, 0.0072276716572
1197, 0.00593701600413
1198, 0.00309757356737
1199, 0.00748580278782
1200, 0.00671140939597
1201, 0.00206504904491
1202, 0.00877645844089
1203, 0.0250387196696
1204, 0.00154878678369
1205, 0.00645327826536
1206, 0.00671140939597
1207, 0.0232318017553
1208, 0.0090345895715
1209, 0.00258131130614
1210, 0.0209086215798
1211, 0.00593701600413
1212, 0.00154878678369
1213, 0.00335570469799
1214, 0.00154878678369
1215, 0.00206504904491
1216, 0.00929272070212
1217, 0.00645327826536
1218, 0.0170366546205
1219, 0.000258131130614
1220, 0.0054207537429
1221, 0.00619514713474
1222, 0.00696954052659
1223, 0.00593701600413
1224, 0.0018069179143
1225, 0.00645327826536
1226, 0.00206504904491
1227, 0.0185854414042
1228, 0.0193598347961
1229, 0.00309757356737
1230, 0.00232318017553
1231, 0.00283944243676
1232, 0.00980898296335
1233, 0.00232318017553
1234, 0.00516262261229
1235, 0.00309757356737
1236, 0.000774393391843
1237, 0.0072276716572
1238, 0.00774393391843
1239, 0.00877645844089
1240, 0.00800206504904
1241, 0.00800206504904
1242, 0.0203923593185
1243, 0.00283944243676
1244, 0.00696954052659
1245, 0.00258131130614
1246, 0.00645327826536
1247, 0.00671140939597
1248, 0.0090345895715
1249, 0.0206504904491
1250, 0.0054207537429
1251, 0.00232318017553
1252, 0.00877645844089
1253, 0.00232318017553
1254, 0.00671140939597
1255, 0.0072276716572
1256, 0.0018069179143
1257, 0.00748580278782
1258, 0.0090345895715
1259, 0.00800206504904
1260, 0.00671140939597
1261, 0.00980898296335
1262, 0.00645327826536
1263, 0.0255549819308
1264, 0.00593701600413
1265, 0.00748580278782
1266, 0.0224574083634
1267, 0.00671140939597
1268, 0.00851832731027
1269, 0.0103252452246
1270, 0.00464636035106
1271, 0.00154878678369
1272, 0.00696954052659
1273, 0.00696954052659
1274, 0.00826019617966
1275, 0.00800206504904
1276, 0.0234899328859
1277, 0.0198760970573
1278, 0.00696954052659
1279, 0.0216830149716
1280, 0.0237480640165
1281, 0.010067114094
1282, 0.00283944243676
1283, 0.00283944243676
1284, 0.00929272070212
1285, 0.00774393391843
1286, 0.00748580278782
1287, 0.00800206504904
1288, 0.00645327826536
1289, 0.0203923593185
1290, 0.00955085183273
1291, 0.024780588539
1292, 0.00283944243676
1293, 0.0250387196696
1294, 0.00154878678369
1295, 0.00567888487352
1296, 0.00748580278782
1297, 0.00232318017553
1298, 0.0036138358286
1299, 0.00464636035106
1300, 0.0072276716572
1301, 0.00154878678369
1302, 0.0018069179143
1303, 0.00335570469799
1304, 0.0252968508002
1305, 0.00748580278782
1306, 0.00258131130614
1307, 0.00671140939597
1308, 0.0206504904491
1309, 0.0201342281879
1310, 0.010067114094
1311, 0.00696954052659
1312, 0.00774393391843
1313, 0.00567888487352
1314, 0.021424883841
1315, 0.00206504904491
1316, 0.000774393391843
1317, 0.00206504904491
1318, 0.00645327826536
1319, 0.00593701600413
1320, 0.00258131130614
1321, 0.000774393391843
1322, 0.00413009808983
1323, 0.00232318017553
1324, 0.00206504904491
1325, 0.00800206504904
1326, 0.00438822922044
1327, 0.0090345895715
1328, 0.00696954052659
1329, 0.00955085183273
1330, 0.0072276716572
1331, 0.00232318017553
1332, 0.0240061951471
1333, 0.00516262261229
1334, 0.00774393391843
1335, 0.00154878678369
1336, 0.00851832731027
1337, 0.00490449148167
1338, 0.00800206504904
1339, 0.0232318017553
1340, 0.00748580278782
1341, 0.00645327826536
1342, 0.0224574083634
1343, 0.0090345895715
1344, 0.0227155394941
1345, 0.00335570469799
1346, 0.0018069179143
1347, 0.00413009808983
1348, 0.00335570469799
1349, 0.0245224574084
1350, 0.00438822922044
1351, 0.00955085183273
1352, 0.00774393391843
1353, 0.00567888487352
1354, 0.00567888487352
1355, 0.00490449148167
1356, 0.0188435725348
1357, 0.00826019617966
1358, 0.00851832731027
1359, 0.00671140939597
1360, 0.00826019617966
1361, 0.0018069179143
1362, 0.0072276716572
1363, 0.0219411461022
1364, 0.00258131130614
1365, 0.00154878678369
1366, 0.0108415074858
1367, 0.00671140939597
1368, 0.0072276716572
1369, 0.00258131130614
1370, 0.00258131130614
1371, 0.00490449148167
1372, 0.00154878678369
1373, 0.00955085183273
1374, 0.00619514713474
1375, 0.00929272070212
1376, 0.00645327826536
1377, 0.00335570469799
1378, 0.00774393391843
1379, 0.0054207537429
1380, 0.0265875064533
1381, 0.0018069179143
1382, 0.00309757356737
1383, 0.00748580278782
1384, 0.00671140939597
1385, 0.00567888487352
1386, 0.00671140939597
1387, 0.0036138358286
1388, 0.00748580278782
1389, 0.0191017036655
1390, 0.00748580278782
1391, 0.000258131130614
1392, 0.00232318017553
1393, 0.00619514713474
1394, 0.00774393391843
1395, 0.00696954052659
1396, 0.0072276716572
1397, 0.00851832731027
1398, 0.00206504904491
1399, 0.00232318017553
1400, 0.00645327826536
1401, 0.00516262261229
1402, 0.00800206504904
1403, 0.00154878678369
1404, 0.00748580278782
1405, 0.00387196695922
1406, 0.00645327826536
1407, 0.00696954052659
1408, 0.00955085183273
1409, 0.00619514713474
1410, 0.00774393391843
1411, 0.00800206504904
1412, 0.0193598347961
1413, 0.00258131130614
1414, 0.0090345895715
1415, 0.00774393391843
1416, 0.00413009808983
1417, 0.00851832731027
1418, 0.00774393391843
1419, 0.00696954052659
1420, 0.00877645844089
1421, 0.00232318017553
1422, 0.00335570469799
1423, 0.00129065565307
1424, 0.00774393391843
1425, 0.0090345895715
1426, 0.0090345895715
1427, 0.0072276716572
1428, 0.0188435725348
1429, 0.00696954052659
1430, 0.00696954052659
1431, 0.00774393391843
1432, 0.00232318017553
1433, 0.00774393391843
1434, 0.0072276716572
1435, 0.00413009808983
1436, 0.00800206504904
1437, 0.0245224574084
1438, 0.00826019617966
1439, 0.00516262261229
1440, 0.00800206504904
1441, 0.00748580278782
1442, 0.000774393391843
1443, 0.00258131130614
1444, 0.00851832731027
1445, 0.0255549819308
1446, 0.00800206504904
1447, 0.0072276716572
1448, 0.0203923593185
1449, 0.00154878678369
1450, 0.00309757356737
1451, 0.00232318017553
1452, 0.0090345895715
1453, 0.0203923593185
1454, 0.00826019617966
1455, 0.00593701600413
1456, 0.00283944243676
1457, 0.00929272070212
1458, 0.0036138358286
1459, 0.0191017036655
1460, 0.00980898296335
1461, 0.00490449148167
1462, 0.00696954052659
1463, 0.00567888487352
1464, 0.00335570469799
1465, 0.00103252452246
1466, 0.00645327826536
1467, 0.00774393391843
1468, 0.0118740320083
1469, 0.0221992772328
1470, 0.0072276716572
1471, 0.00309757356737
1472, 0.00490449148167
1473, 0.00929272070212
1474, 0.00929272070212
1475, 0.00851832731027
1476, 0.00258131130614
1477, 0.00929272070212
1478, 0.00335570469799
1479, 0.00955085183273
1480, 0.00748580278782
1481, 0.00283944243676
1482, 0.00748580278782
1483, 0.00774393391843
1484, 0.00593701600413
1485, 0.0054207537429
1486, 0.0072276716572
1487, 0.00129065565307
1488, 0.00877645844089
1489, 0.00748580278782
1490, 0.00774393391843
1491, 0.00929272070212
1492, 0.00645327826536
1493, 0.00438822922044
1494, 0.00980898296335
1495, 0.00748580278782
1496, 0.00619514713474
1497, 0.00283944243676
1498, 0.00154878678369
1499, 0.0237480640165
1500, 0.0103252452246
1501, 0.00774393391843
1502, 0.00645327826536
1503, 0.00258131130614
1504, 0.0224574083634
1505, 0.00826019617966
1506, 0.00980898296335
1507, 0.0165203923593
1508, 0.00154878678369
1509, 0.00387196695922
1510, 0.00593701600413
1511, 0.00619514713474
1512, 0.0072276716572
1513, 0.00619514713474
1514, 0.00593701600413
1515, 0.0054207537429
1516, 0.00206504904491
1517, 0.0216830149716
1518, 0.00593701600413
1519, 0.0072276716572
1520, 0.00335570469799
1521, 0.00748580278782
1522, 0.00593701600413
1523, 0.00826019617966
1524, 0.00232318017553
1525, 0.00645327826536
1526, 0.00696954052659
1527, 0.000774393391843
1528, 0.00748580278782
1529, 0.00619514713474
1530, 0.00154878678369
1531, 0.0250387196696
1532, 0.000774393391843
1533, 0.00955085183273
1534, 0.0072276716572
1535, 0.00593701600413
1536, 0.00283944243676
1537, 0.00671140939597
1538, 0.00748580278782
1539, 0.00232318017553
1540, 0.0245224574084
1541, 0.00748580278782
1542, 0.00619514713474
1543, 0.00387196695922
1544, 0.0090345895715
1545, 0.00309757356737
1546, 0.0240061951471
1547, 0.00877645844089
1548, 0.0103252452246
1549, 0.00980898296335
1550, 0.0219411461022
1551, 0.00800206504904
1552, 0.00826019617966
1553, 0.000516262261229
1554, 0.000516262261229
1555, 0.00413009808983
1556, 0.00206504904491
1557, 0.00258131130614
1558, 0.00154878678369
1559, 0.0178110480124
1560, 0.00567888487352
1561, 0.00129065565307
1562, 0.00593701600413
1563, 0.00645327826536
1564, 0.00671140939597
1565, 0.00696954052659
1566, 0.0072276716572
1567, 0.00516262261229
1568, 0.00413009808983
1569, 0.00929272070212
1570, 0.00774393391843
1571, 0.00696954052659
1572, 0.00619514713474
1573, 0.0090345895715
1574, 0.0206504904491
1575, 0.00774393391843
1576, 0.00154878678369
1577, 0.000774393391843
1578, 0.00619514713474
1579, 0.00258131130614
1580, 0.00129065565307
1581, 0.00619514713474
1582, 0.00645327826536
1583, 0.00645327826536
1584, 0.00129065565307
1585, 0.00619514713474
1586, 0.0018069179143
1587, 0.00980898296335
1588, 0.00748580278782
1589, 0.00800206504904
1590, 0.00438822922044
1591, 0.010067114094
1592, 0.0036138358286
1593, 0.00877645844089
1594, 0.0216830149716
1595, 0.00851832731027
1596, 0.0018069179143
1597, 0.00748580278782
1598, 0.0224574083634
1599, 0.0072276716572
1600, 0.00103252452246
1601, 0.00154878678369
1602, 0.0090345895715
1603, 0.00645327826536
1604, 0.00696954052659
1605, 0.00696954052659
1606, 0.00464636035106
1607, 0.00748580278782
1608, 0.00645327826536
1609, 0.0206504904491
1610, 0.00154878678369
1611, 0.00335570469799
1612, 0.00129065565307
1613, 0.00232318017553
1614, 0.00826019617966
1615, 0.00309757356737
1616, 0.0258131130614
1617, 0.00826019617966
1618, 0.00671140939597
1619, 0.00800206504904
1620, 0.00619514713474
1621, 0.0193598347961
1622, 0.0252968508002
1623, 0.00826019617966
1624, 0.0108415074858
1625, 0.00748580278782
1626, 0.00748580278782
1627, 0.00335570469799
1628, 0.00826019617966
1629, 0.00206504904491
1630, 0.0224574083634
1631, 0.00877645844089
1632, 0.0232318017553
1633, 0.00645327826536
1634, 0.00671140939597
1635, 0.00877645844089
1636, 0.0090345895715
1637, 0.00826019617966
1638, 0.00154878678369
1639, 0.0193598347961
1640, 0.00800206504904
1641, 0.00206504904491
1642, 0.00800206504904
1643, 0.00206504904491
1644, 0.00980898296335
1645, 0.00929272070212
1646, 0.00645327826536
1647, 0.00464636035106
1648, 0.00696954052659
1649, 0.00619514713474
1650, 0.0229736706247
1651, 0.00335570469799
1652, 0.00335570469799
1653, 0.00826019617966
1654, 0.00516262261229
1655, 0.0103252452246
1656, 0.0175529168818
1657, 0.00826019617966
1658, 0.00645327826536
1659, 0.0036138358286
1660, 0.00980898296335
1661, 0.00671140939597
1662, 0.000774393391843
1663, 0.00490449148167
1664, 0.00103252452246
1665, 0.00851832731027
1666, 0.00671140939597
1667, 0.00232318017553
1668, 0.00748580278782
1669, 0.00877645844089
1670, 0.00593701600413
1671, 0.0018069179143
1672, 0.0198760970573
1673, 0.00696954052659
1674, 0.0072276716572
1675, 0.00232318017553
1676, 0.00748580278782
1677, 0.00206504904491
1678, 0.00232318017553
1679, 0.00696954052659
1680, 0.00955085183273
1681, 0.0090345895715
1682, 0.00671140939597
1683, 0.00309757356737
1684, 0.0072276716572
1685, 0.00206504904491
1686, 0.00258131130614
1687, 0.00696954052659
1688, 0.00877645844089
1689, 0.00955085183273
1690, 0.00258131130614
1691, 0.00283944243676
1692, 0.00619514713474
1693, 0.0072276716572
1694, 0.00206504904491
1695, 0.0224574083634
1696, 0.00258131130614
1697, 0.00516262261229
1698, 0.00309757356737
1699, 0.00619514713474
1700, 0.00413009808983
1701, 0.00645327826536
1702, 0.00619514713474
1703, 0.0224574083634
1704, 0.00413009808983
1705, 0.00645327826536
1706, 0.00206504904491
1707, 0.00748580278782
1708, 0.0265875064533
1709, 0.00413009808983
1710, 0.0193598347961
1711, 0.00851832731027
1712, 0.00800206504904
1713, 0.0090345895715
1714, 0.0090345895715
1715, 0.00980898296335
1716, 0.00877645844089
1717, 0.0054207537429
1718, 0.00258131130614
1719, 0.00671140939597
1720, 0.00103252452246
1721, 0.00877645844089
1722, 0.00774393391843
1723, 0.00309757356737
1724, 0.0090345895715
1725, 0.00335570469799
1726, 0.00800206504904
1727, 0.0268456375839
1728, 0.00335570469799
1729, 0.00232318017553
1730, 0.00774393391843
1731, 0.00851832731027
1732, 0.0196179659267
1733, 0.00129065565307
1734, 0.00774393391843
1735, 0.0209086215798
1736, 0.00619514713474
1737, 0.00567888487352
1738, 0.00154878678369
1739, 0.00283944243676
1740, 0.00206504904491
1741, 0.0240061951471
1742, 0.00955085183273
1743, 0.00645327826536
1744, 0.0018069179143
1745, 0.00232318017553
1746, 0.00567888487352
1747, 0.000774393391843
1748, 0.00955085183273
1749, 0.021424883841
1750, 0.0090345895715
1751, 0.00748580278782
1752, 0.00619514713474
1753, 0.00826019617966
1754, 0.0191017036655
1755, 0.0018069179143
1756, 0.00232318017553
1757, 0.00851832731027
1758, 0.010067114094
1759, 0.00129065565307
1760, 0.0211667527104
1761, 0.00413009808983
1762, 0.000774393391843
1763, 0.00619514713474
1764, 0.00877645844089
1765, 0.00826019617966
1766, 0.00696954052659
1767, 0.00980898296335
1768, 0.00258131130614
1769, 0.0054207537429
1770, 0.011357769747
1771, 0.010067114094
1772, 0.00593701600413
1773, 0.0090345895715
1774, 0.00283944243676
1775, 0.00103252452246
1776, 0.0072276716572
1777, 0.0018069179143
1778, 0.000774393391843
1779, 0.00258131130614
1780, 0.00826019617966
1781, 0.00258131130614
1782, 0.00258131130614
1783, 0.00438822922044
1784, 0.0054207537429
1785, 0.0178110480124
1786, 0.00774393391843
1787, 0.00567888487352
1788, 0.00438822922044
1789, 0.00748580278782
1790, 0.00645327826536
1791, 0.00593701600413
1792, 0.0018069179143
1793, 0.00283944243676
1794, 0.0054207537429
1795, 0.010067114094
1796, 0.00567888487352
1797, 0.00258131130614
1798, 0.000774393391843
1799, 0.00851832731027
1800, 0.00851832731027
1801, 0.00851832731027
1802, 0.00851832731027
1803, 0.00258131130614
1804, 0.00671140939597
1805, 0.000516262261229
1806, 0.00851832731027
1807, 0.00826019617966
1808, 0.0072276716572
1809, 0.00696954052659
1810, 0.00283944243676
1811, 0.00232318017553
1812, 0.00671140939597
1813, 0.00877645844089
1814, 0.00206504904491
1815, 0.00774393391843
1816, 0.00696954052659
1817, 0.0170366546205
1818, 0.0072276716572
1819, 0.00929272070212
1820, 0.0105833763552
1821, 0.00800206504904
1822, 0.0090345895715
1823, 0.00258131130614
1824, 0.00774393391843
1825, 0.00387196695922
1826, 0.00748580278782
1827, 0.00309757356737
1828, 0.00154878678369
1829, 0.00129065565307
1830, 0.0018069179143
1831, 0.00774393391843
1832, 0.0206504904491
1833, 0.00258131130614
1834, 0.00980898296335
1835, 0.0191017036655
1836, 0.0229736706247
1837, 0.00516262261229
1838, 0.00258131130614
1839, 0.0018069179143
1840, 0.00645327826536
1841, 0.00774393391843
1842, 0.00826019617966
1843, 0.00154878678369
1844, 0.00283944243676
1845, 0.00438822922044
1846, 0.00851832731027
1847, 0.010067114094
1848, 0.0108415074858
1849, 0.00309757356737
1850, 0.00567888487352
1851, 0.00232318017553
1852, 0.00335570469799
1853, 0.00800206504904
1854, 0.0018069179143
1855, 0.00232318017553
1856, 0.00671140939597
1857, 0.00748580278782
1858, 0.00490449148167
1859, 0.0072276716572
1860, 0.00464636035106
1861, 0.00258131130614
1862, 0.00826019617966
1863, 0.00283944243676
1864, 0.00154878678369
1865, 0.00877645844089
1866, 0.00877645844089
1867, 0.00696954052659
1868, 0.00283944243676
1869, 0.00748580278782
1870, 0.00826019617966
1871, 0.00645327826536
1872, 0.00103252452246
1873, 0.00335570469799
1874, 0.00258131130614
1875, 0.00671140939597
1876, 0.00619514713474
1877, 0.00671140939597
1878, 0.00696954052659
1879, 0.010067114094
1880, 0.0036138358286
1881, 0.00980898296335
1882, 0.0036138358286
1883, 0.0198760970573
1884, 0.00206504904491
1885, 0.00671140939597
1886, 0.00154878678369
1887, 0.00851832731027
1888, 0.00438822922044
1889, 0.0072276716572
1890, 0.00387196695922
1891, 0.0090345895715
1892, 0.00955085183273
1893, 0.00826019617966
1894, 0.00696954052659
1895, 0.00800206504904
1896, 0.00774393391843
1897, 0.00335570469799
1898, 0.00309757356737
1899, 0.00309757356737
1900, 0.00258131130614
1901, 0.00826019617966
1902, 0.00593701600413
1903, 0.00774393391843
1904, 0.00567888487352
1905, 0.00258131130614
1906, 0.0090345895715
1907, 0.0090345895715
1908, 0.00206504904491
1909, 0.0191017036655
1910, 0.00413009808983
1911, 0.00206504904491
1912, 0.0237480640165
1913, 0.00826019617966
1914, 0.0054207537429
1915, 0.0103252452246
1916, 0.00335570469799
1917, 0.00283944243676
1918, 0.00232318017553
1919, 0.00258131130614
1920, 0.00283944243676
1921, 0.00696954052659
1922, 0.0036138358286
1923, 0.00335570469799
1924, 0.00774393391843
1925, 0.000516262261229
1926, 0.0018069179143
1927, 0.00413009808983
1928, 0.0108415074858
1929, 0.0072276716572
1930, 0.00154878678369
1931, 0.00283944243676
1932, 0.010067114094
1933, 0.00232318017553
1934, 0.00748580278782
1935, 0.00877645844089
1936, 0.0072276716572
1937, 0.0232318017553
1938, 0.0219411461022
1939, 0.0221992772328
1940, 0.00567888487352
1941, 0.00774393391843
1942, 0.00438822922044
1943, 0.0054207537429
1944, 0.00129065565307
1945, 0.00877645844089
1946, 0.00129065565307
1947, 0.0162622612287
1948, 0.00154878678369
1949, 0.0219411461022
1950, 0.00826019617966
1951, 0.00955085183273
1952, 0.00774393391843
1953, 0.00800206504904
1954, 0.0242643262777
1955, 0.00851832731027
1956, 0.00516262261229
1957, 0.00748580278782
1958, 0.00696954052659
1959, 0.0090345895715
1960, 0.00593701600413
1961, 0.00206504904491
1962, 0.00206504904491
1963, 0.00154878678369
1964, 0.0054207537429
1965, 0.00258131130614
1966, 0.00671140939597
1967, 0.00826019617966
1968, 0.00774393391843
1969, 0.018069179143
1970, 0.00619514713474
1971, 0.00696954052659
1972, 0.0036138358286
1973, 0.00490449148167
1974, 0.00748580278782
1975, 0.00774393391843
1976, 0.0018069179143
1977, 0.00206504904491
1978, 0.00258131130614
1979, 0.00516262261229
1980, 0.00619514713474
1981, 0.00851832731027
1982, 0.0090345895715
1983, 0.00645327826536
1984, 0.00516262261229
1985, 0.00748580278782
1986, 0.0072276716572
1987, 0.0072276716572
1988, 0.0198760970573
1989, 0.00671140939597
1990, 0.00619514713474
1991, 0.00955085183273
1992, 0.00877645844089
1993, 0.00696954052659
1994, 0.00826019617966
1995, 0.0090345895715
1996, 0.00129065565307
1997, 0.00774393391843
1998, 0.00154878678369
1999, 0.00283944243676
2000, 0.0036138358286
2001, 0.00593701600413
2002, 0.0054207537429
2003, 0.000516262261229
2004, 0.00851832731027
2005, 0.00929272070212
2006, 0.00438822922044
2007, 0.00929272070212
2008, 0.00283944243676
2009, 0.00619514713474
2010, 0.00619514713474
2011, 0.00748580278782
2012, 0.00438822922044
2013, 0.00748580278782
2014, 0.00206504904491
2015, 0.0072276716572
2016, 0.00387196695922
2017, 0.00232318017553
2018, 0.00335570469799
2019, 0.0221992772328
2020, 0.00206504904491
2021, 0.00309757356737
2022, 0.00283944243676
2023, 0.000774393391843
2024, 0.00258131130614
2025, 0.00748580278782
2026, 0.00774393391843
2027, 0.00567888487352
2028, 0.00309757356737
2029, 0.00258131130614
2030, 0.00335570469799
2031, 0.00877645844089
2032, 0.00387196695922
2033, 0.0201342281879
2034, 0.000516262261229
2035, 0.00877645844089
2036, 0.00283944243676
2037, 0.00645327826536
2038, 0.00335570469799
2039, 0.00335570469799
2040, 0.00593701600413
2041, 0.00154878678369
2042, 0.00309757356737
2043, 0.00206504904491
2044, 0.000774393391843
2045, 0.00258131130614
2046, 0.00955085183273
2047, 0.0242643262777
2048, 0.00258131130614
2049, 0.00826019617966
2050, 0.00696954052659
2051, 0.0229736706247
2052, 0.00103252452246
2053, 0.00696954052659
2054, 0.00593701600413
2055, 0.00335570469799
2056, 0.00258131130614
2057, 0.0072276716572
2058, 0.00851832731027
2059, 0.00258131130614
2060, 0.00283944243676
2061, 0.00826019617966
2062, 0.00567888487352
2063, 0.00748580278782
2064, 0.00206504904491
2065, 0.00413009808983
2066, 0.00232318017553
2067, 0.00696954052659
2068, 0.00258131130614
2069, 0.00696954052659
2070, 0.00645327826536
2071, 0.00206504904491
2072, 0.00490449148167
2073, 0.00103252452246
2074, 0.00258131130614
2075, 0.00335570469799
2076, 0.00593701600413
2077, 0.0018069179143
2078, 0.00206504904491
2079, 0.000774393391843
2080, 0.00258131130614
2081, 0.00129065565307
2082, 0.00464636035106
2083, 0.00955085183273
2084, 0.00593701600413
2085, 0.00645327826536
2086, 0.00748580278782
2087, 0.0036138358286
2088, 0.0105833763552
2089, 0.00645327826536
2090, 0.00826019617966
2091, 0.00387196695922
2092, 0.00206504904491
2093, 0.00929272070212
2094, 0.00464636035106
2095, 0.00671140939597
2096, 0.00877645844089
2097, 0.00258131130614
2098, 0.00800206504904
2099, 0.00283944243676
2100, 0.00309757356737
2101, 0.00283944243676
2102, 0.00309757356737
2103, 0.00129065565307
2104, 0.00826019617966
2105, 0.00826019617966
2106, 0.00619514713474
2107, 0.00413009808983
2108, 0.00929272070212
2109, 0.0221992772328
2110, 0.00748580278782
2111, 0.00696954052659
2112, 0.00748580278782
2113, 0.0188435725348
2114, 0.00283944243676
2115, 0.00929272070212
2116, 0.00800206504904
2117, 0.00800206504904
2118, 0.00335570469799
2119, 0.00206504904491
2120, 0.00619514713474
2121, 0.00232318017553
2122, 0.0018069179143
2123, 0.0072276716572
2124, 0.00593701600413
2125, 0.00258131130614
2126, 0.00645327826536
2127, 0.00154878678369
2128, 0.00438822922044
2129, 0.00283944243676
2130, 0.00464636035106
2131, 0.00645327826536
2132, 0.00283944243676
2133, 0.00748580278782
2134, 0.00748580278782
2135, 0.0054207537429
2136, 0.00309757356737
2137, 0.0232318017553
2138, 0.00258131130614
2139, 0.00283944243676
2140, 0.00206504904491
2141, 0.0263293753227
2142, 0.00464636035106
2143, 0.00309757356737
2144, 0.00645327826536
2145, 0.00619514713474
2146, 0.00232318017553
2147, 0.00206504904491
2148, 0.0072276716572
2149, 0.00826019617966
2150, 0.00283944243676
2151, 0.00387196695922
2152, 0.00258131130614
2153, 0.00154878678369
2154, 0.00232318017553
2155, 0.00516262261229
2156, 0.00232318017553
2157, 0.00955085183273
2158, 0.00258131130614
2159, 0.00154878678369
2160, 0.0018069179143
2161, 0.00877645844089
2162, 0.00309757356737
2163, 0.0090345895715
2164, 0.00619514713474
2165, 0.00516262261229
2166, 0.00206504904491
2167, 0.00671140939597
2168, 0.00490449148167
2169, 0.00696954052659
2170, 0.00258131130614
2171, 0.00232318017553
2172, 0.00232318017553
2173, 0.00206504904491
2174, 0.00851832731027
2175, 0.0090345895715
2176, 0.0134228187919
2177, 0.00671140939597
2178, 0.00413009808983
2179, 0.00748580278782
2180, 0.00232318017553
2181, 0.00309757356737
2182, 0.0018069179143
2183, 0.00154878678369
2184, 0.0018069179143
2185, 0.0201342281879
2186, 0.00129065565307
2187, 0.00154878678369
2188, 0.00671140939597
2189, 0.00567888487352
2190, 0.00283944243676
2191, 0.0018069179143
2192, 0.0036138358286
2193, 0.00335570469799
2194, 0.0054207537429
2195, 0.0090345895715
2196, 0.00645327826536
2197, 0.00671140939597
2198, 0.00283944243676
2199, 0.00593701600413
2200, 0.0036138358286
2201, 0.00671140939597
2202, 0.00154878678369
2203, 0.000774393391843
2204, 0.0018069179143
2205, 0.000774393391843
2206, 0.00671140939597
2207, 0.00258131130614
2208, 0.00980898296335
2209, 0.00283944243676
2210, 0.010067114094
2211, 0.00232318017553
2212, 0.0018069179143
2213, 0.0198760970573
2214, 0.00129065565307
2215, 0.00206504904491
2216, 0.00232318017553
2217, 0.00774393391843
2218, 0.00748580278782
2219, 0.00309757356737
2220, 0.00335570469799
2221, 0.00851832731027
2222, 0.00335570469799
2223, 0.00206504904491
2224, 0.00774393391843
2225, 0.00671140939597
2226, 0.0103252452246
2227, 0.00283944243676
2228, 0.00645327826536
2229, 0.00309757356737
2230, 0.00387196695922
2231, 0.00980898296335
2232, 0.00851832731027
2233, 0.00464636035106
2234, 0.0072276716572
2235, 0.0054207537429
2236, 0.00696954052659
2237, 0.00877645844089
2238, 0.00851832731027
2239, 0.00206504904491
2240, 0.00283944243676
2241, 0.00309757356737
2242, 0.00232318017553
2243, 0.00748580278782
2244, 0.0110996386164
2245, 0.0229736706247
2246, 0.00258131130614
2247, 0.00774393391843
2248, 0.00800206504904
2249, 0.00826019617966
2250, 0.00258131130614
2251, 0.00826019617966
2252, 0.0018069179143
2253, 0.00206504904491
2254, 0.00232318017553
2255, 0.00232318017553
2256, 0.00309757356737
2257, 0.00955085183273
2258, 0.00748580278782
2259, 0.00619514713474
2260, 0.00877645844089
2261, 0.00826019617966
2262, 0.00129065565307
2263, 0.00232318017553
2264, 0.00800206504904
2265, 0.0072276716572
2266, 0.00438822922044
2267, 0.00258131130614
2268, 0.0072276716572
2269, 0.00309757356737
2270, 0.00309757356737
2271, 0.00154878678369
2272, 0.00283944243676
2273, 0.00283944243676
2274, 0.0209086215798
2275, 0.00696954052659
2276, 0.00103252452246
2277, 0.00748580278782
2278, 0.00826019617966
2279, 0.0255549819308
2280, 0.00800206504904
2281, 0.00464636035106
2282, 0.00258131130614
2283, 0.00206504904491
2284, 0.00645327826536
2285, 0.00206504904491
2286, 0.0209086215798
2287, 0.00258131130614
2288, 0.00232318017553
2289, 0.00619514713474
2290, 0.00696954052659
2291, 0.00103252452246
2292, 0.00232318017553
2293, 0.0090345895715
2294, 0.00593701600413
2295, 0.00309757356737
2296, 0.00258131130614
2297, 0.00258131130614
2298, 0.00826019617966
2299, 0.0018069179143
2300, 0.00619514713474
2301, 0.00593701600413
2302, 0.00232318017553
2303, 0.00774393391843
2304, 0.00774393391843
2305, 0.0036138358286
2306, 0.0229736706247
2307, 0.00696954052659
2308, 0.00748580278782
2309, 0.00283944243676
2310, 0.00129065565307
2311, 0.00258131130614
2312, 0.0036138358286
2313, 0.00206504904491
2314, 0.00309757356737
2315, 0.00283944243676
2316, 0.00232318017553
2317, 0.00232318017553
2318, 0.0018069179143
2319, 0.00748580278782
2320, 0.00154878678369
2321, 0.00258131130614
2322, 0.00645327826536
2323, 0.00232318017553
2324, 0.00826019617966
2325, 0.0103252452246
2326, 0.00800206504904
2327, 0.00774393391843
2328, 0.00671140939597
2329, 0.00309757356737
2330, 0.00774393391843
2331, 0.0108415074858
2332, 0.00516262261229
2333, 0.00696954052659
2334, 0.00232318017553
2335, 0.00671140939597
2336, 0.00774393391843
2337, 0.00309757356737
2338, 0.00258131130614
2339, 0.00283944243676
2340, 0.00309757356737
2341, 0.0072276716572
2342, 0.00232318017553
2343, 0.00800206504904
2344, 0.00464636035106
2345, 0.00309757356737
2346, 0.00774393391843
2347, 0.00438822922044
2348, 0.00774393391843
2349, 0.00335570469799
2350, 0.00232318017553
2351, 0.00851832731027
2352, 0.0072276716572
2353, 0.00103252452246
2354, 0.00774393391843
2355, 0.00309757356737
2356, 0.010067114094
2357, 0.00309757356737
2358, 0.00283944243676
2359, 0.00154878678369
2360, 0.00154878678369
2361, 0.0072276716572
2362, 0.00335570469799
2363, 0.00283944243676
2364, 0.00258131130614
2365, 0.000774393391843
2366, 0.00490449148167
2367, 0.00206504904491
2368, 0.00154878678369
2369, 0.0242643262777
2370, 0.0054207537429
2371, 0.00980898296335
2372, 0.00206504904491
2373, 0.00309757356737
2374, 0.00258131130614
2375, 0.00309757356737
2376, 0.0018069179143
2377, 0.00645327826536
2378, 0.00283944243676
2379, 0.0054207537429
2380, 0.00258131130614
2381, 0.0072276716572
2382, 0.00232318017553
2383, 0.0018069179143
2384, 0.00154878678369
2385, 0.00800206504904
2386, 0.00206504904491
2387, 0.0054207537429
2388, 0.00129065565307
2389, 0.00516262261229
2390, 0.0105833763552
2391, 0.00154878678369
2392, 0.00645327826536
2393, 0.00593701600413
2394, 0.00851832731027
2395, 0.00232318017553
2396, 0.00154878678369
2397, 0.0018069179143
2398, 0.00258131130614
2399, 0.00309757356737
2400, 0.00335570469799
2401, 0.00567888487352
2402, 0.0054207537429
2403, 0.00206504904491
2404, 0.00206504904491
2405, 0.0105833763552
2406, 0.00103252452246
2407, 0.00826019617966
2408, 0.00154878678369
2409, 0.00464636035106
2410, 0.00206504904491
2411, 0.00748580278782
2412, 0.010067114094
2413, 0.00283944243676
2414, 0.00800206504904
2415, 0.00800206504904
2416, 0.00309757356737
2417, 0.0072276716572
2418, 0.00206504904491
2419, 0.00232318017553
2420, 0.00103252452246
2421, 0.00645327826536
2422, 0.00593701600413
2423, 0.00283944243676
2424, 0.00774393391843
2425, 0.0018069179143
2426, 0.00826019617966
2427, 0.010067114094
2428, 0.00309757356737
2429, 0.000516262261229
2430, 0.00671140939597
2431, 0.00645327826536
2432, 0.00696954052659
2433, 0.00387196695922
2434, 0.00258131130614
2435, 0.00748580278782
2436, 0.00103252452246
2437, 0.00826019617966
2438, 0.00258131130614
2439, 0.0018069179143
2440, 0.00748580278782
2441, 0.00258131130614
2442, 0.0103252452246
2443, 0.0054207537429
2444, 0.00671140939597
2445, 0.00103252452246
2446, 0.00103252452246
2447, 0.00438822922044
2448, 0.00283944243676
2449, 0.00671140939597
2450, 0.0072276716572
2451, 0.00800206504904
2452, 0.00826019617966
2453, 0.00774393391843
2454, 0.0072276716572
2455, 0.00619514713474
2456, 0.00516262261229
2457, 0.00309757356737
2458, 0.00206504904491
2459, 0.00154878678369
2460, 0.00258131130614
2461, 0.00619514713474
2462, 0.00258131130614
2463, 0.00645327826536
2464, 0.00154878678369
2465, 0.0018069179143
2466, 0.0036138358286
2467, 0.00851832731027
2468, 0.00232318017553
2469, 0.00774393391843
2470, 0.00619514713474
2471, 0.0018069179143
2472, 0.00826019617966
2473, 0.00258131130614
2474, 0.00696954052659
2475, 0.0018069179143
2476, 0.00103252452246
2477, 0.00387196695922
2478, 0.00696954052659
2479, 0.0090345895715
2480, 0.00206504904491
2481, 0.00309757356737
2482, 0.00232318017553
2483, 0.0054207537429
2484, 0.00464636035106
2485, 0.00567888487352
2486, 0.00154878678369
2487, 0.00309757356737
2488, 0.000516262261229
2489, 0.00800206504904
2490, 0.00232318017553
2491, 0.00800206504904
2492, 0.00258131130614
2493, 0.00748580278782
2494, 0.00748580278782
2495, 0.0072276716572
2496, 0.00283944243676
2497, 0.00567888487352
2498, 0.00154878678369
2499, 0.00258131130614
2500, 0.00645327826536
2501, 0.00696954052659
2502, 0.00129065565307
2503, 0.00154878678369
2504, 0.0036138358286
2505, 0.000516262261229
2506, 0.00516262261229
2507, 0.00309757356737
2508, 0.00490449148167
2509, 0.0237480640165
2510, 0.0036138358286
2511, 0.00232318017553
2512, 0.0103252452246
2513, 0.0018069179143
2514, 0.00774393391843
2515, 0.00309757356737
2516, 0.00800206504904
2517, 0.00283944243676
2518, 0.00258131130614
2519, 0.00129065565307
2520, 0.000774393391843
2521, 0.00154878678369
2522, 0.0036138358286
2523, 0.00335570469799
2524, 0.00129065565307
2525, 0.0018069179143
2526, 0.00335570469799
2527, 0.0072276716572
2528, 0.00335570469799
2529, 0.00877645844089
2530, 0.00387196695922
2531, 0.00671140939597
2532, 0.00232318017553
2533, 0.0018069179143
2534, 0.00232318017553
2535, 0.00851832731027
2536, 0.00826019617966
2537, 0.00980898296335
2538, 0.00206504904491
2539, 0.0036138358286
2540, 0.00593701600413
2541, 0.00748580278782
2542, 0.0072276716572
2543, 0.00438822922044
2544, 0.00103252452246
2545, 0.00645327826536
2546, 0.00826019617966
2547, 0.00619514713474
2548, 0.000774393391843
2549, 0.00335570469799
2550, 0.00309757356737
2551, 0.00232318017553
2552, 0.0072276716572
2553, 0.00154878678369
2554, 0.00748580278782
2555, 0.00851832731027
2556, 0.00206504904491
2557, 0.00232318017553
2558, 0.00206504904491
2559, 0.00413009808983
2560, 0.0018069179143
2561, 0.00955085183273
2562, 0.00103252452246
2563, 0.000516262261229
2564, 0.00258131130614
2565, 0.00309757356737
2566, 0.00232318017553
2567, 0.00206504904491
2568, 0.00283944243676
2569, 0.00206504904491
2570, 0.00232318017553
2571, 0.00696954052659
2572, 0.00206504904491
2573, 0.00283944243676
2574, 0.00387196695922
2575, 0.00645327826536
2576, 0.00258131130614
2577, 0.0072276716572
2578, 0.00154878678369
2579, 0.00309757356737
2580, 0.00309757356737
2581, 0.00129065565307
2582, 0.0090345895715
2583, 0.00335570469799
2584, 0.00929272070212
2585, 0.000774393391843
2586, 0.0072276716572
2587, 0.00154878678369
2588, 0.00851832731027
2589, 0.00232318017553
2590, 0.00129065565307
2591, 0.00309757356737
2592, 0.00800206504904
2593, 0.00851832731027
2594, 0.00154878678369
2595, 0.00258131130614
2596, 0.00696954052659
2597, 0.00258131130614
2598, 0.00748580278782
2599, 0.00283944243676
2600, 0.00696954052659
2601, 0.00335570469799
2602, 0.00232318017553
2603, 0.00154878678369
2604, 0.00232318017553
2605, 0.00283944243676
2606, 0.00129065565307
2607, 0.00232318017553
2608, 0.00206504904491
2609, 0.00335570469799
2610, 0.00103252452246
2611, 0.00671140939597
2612, 0.000516262261229
2613, 0.00283944243676
2614, 0.00696954052659
2615, 0.00206504904491
2616, 0.00490449148167
2617, 0.00877645844089
2618, 0.0036138358286
2619, 0.00774393391843
2620, 0.00232318017553
2621, 0.00671140939597
2622, 0.00774393391843
2623, 0.00309757356737
2624, 0.00154878678369
2625, 0.00671140939597
2626, 0.00309757356737
2627, 0.00206504904491
2628, 0.00438822922044
2629, 0.00129065565307
2630, 0.00516262261229
2631, 0.00258131130614
2632, 0.00232318017553
2633, 0.00154878678369
2634, 0.00748580278782
2635, 0.00619514713474
2636, 0.0072276716572
2637, 0.00516262261229
2638, 0.00929272070212
2639, 0.00645327826536
2640, 0.00645327826536
2641, 0.000516262261229
2642, 0.00309757356737
2643, 0.0072276716572
2644, 0.00335570469799
2645, 0.00283944243676
2646, 0.00593701600413
2647, 0.00154878678369
2648, 0.000774393391843
2649, 0.00335570469799
2650, 0.0054207537429
2651, 0.00619514713474
2652, 0.00774393391843
2653, 0.00129065565307
2654, 0.00413009808983
2655, 0.00232318017553
2656, 0.00206504904491
2657, 0.00154878678369
2658, 0.0018069179143
2659, 0.00748580278782
2660, 0.00232318017553
2661, 0.00645327826536
2662, 0.00774393391843
2663, 0.00232318017553
2664, 0.00232318017553
2665, 0.00774393391843
2666, 0.0018069179143
2667, 0.00154878678369
2668, 0.00154878678369
2669, 0.00800206504904
2670, 0.00103252452246
2671, 0.00929272070212
2672, 0.00206504904491
2673, 0.00800206504904
2674, 0.00309757356737
2675, 0.00619514713474
2676, 0.00309757356737
2677, 0.00387196695922
2678, 0.00283944243676
2679, 0.00387196695922
2680, 0.00206504904491
2681, 0.00413009808983
2682, 0.00232318017553
2683, 0.00129065565307
2684, 0.00283944243676
2685, 0.00877645844089
2686, 0.00232318017553
2687, 0.00309757356737
2688, 0.00258131130614
2689, 0.0018069179143
2690, 0.00593701600413
2691, 0.00929272070212
2692, 0.00283944243676
2693, 0.00748580278782
2694, 0.00206504904491
2695, 0.000516262261229
2696, 0.00206504904491
2697, 0.000774393391843
2698, 0.00232318017553
2699, 0.00129065565307
2700, 0.0018069179143
2701, 0.00103252452246
2702, 0.00258131130614
2703, 0.00283944243676
2704, 0.00645327826536
2705, 0.00283944243676
2706, 0.00826019617966
2707, 0.00258131130614
2708, 0.00103252452246
2709, 0.0018069179143
2710, 0.00309757356737
2711, 0.00154878678369
2712, 0.00258131130614
2713, 0.00206504904491
2714, 0.00258131130614
2715, 0.00335570469799
2716, 0.00335570469799
2717, 0.00877645844089
2718, 0.00309757356737
2719, 0.00258131130614
2720, 0.000774393391843
2721, 0.00696954052659
2722, 0.00232318017553
2723, 0.00748580278782
2724, 0.00851832731027
2725, 0.00800206504904
2726, 0.000774393391843
2727, 0.00103252452246
2728, 0.00232318017553
2729, 0.00671140939597
2730, 0.00877645844089
2731, 0.0036138358286
2732, 0.00154878678369
2733, 0.00232318017553
2734, 0.000774393391843
2735, 0.00619514713474
2736, 0.00154878678369
2737, 0.00826019617966
2738, 0.00232318017553
2739, 0.00309757356737
2740, 0.00696954052659
2741, 0.0018069179143
2742, 0.00955085183273
2743, 0.00154878678369
2744, 0.00206504904491
2745, 0.00567888487352
2746, 0.0072276716572
2747, 0.00103252452246
2748, 0.00387196695922
2749, 0.0072276716572
2750, 0.00980898296335
2751, 0.000774393391843
2752, 0.00258131130614
2753, 0.00283944243676
2754, 0.00774393391843
2755, 0.00258131130614
2756, 0.00129065565307
2757, 0.00283944243676
2758, 0.0072276716572
2759, 0.00309757356737
2760, 0.00774393391843
2761, 0.00154878678369
2762, 0.0054207537429
2763, 0.00258131130614
2764, 0.0072276716572
2765, 0.00774393391843
2766, 0.0072276716572
2767, 0.00154878678369
2768, 0.00232318017553
2769, 0.0072276716572
2770, 0.00387196695922
2771, 0.00129065565307
2772, 0.000774393391843
2773, 0.00232318017553
2774, 0.00748580278782
2775, 0.0018069179143
2776, 0.00567888487352
2777, 0.00232318017553
2778, 0.0072276716572
2779, 0.00283944243676
2780, 0.00206504904491
2781, 0.00206504904491
2782, 0.00206504904491
2783, 0.00619514713474
2784, 0.00309757356737
2785, 0.00619514713474
2786, 0.0036138358286
2787, 0.00129065565307
2788, 0.00129065565307
2789, 0.00232318017553
2790, 0.00258131130614
2791, 0.00232318017553
2792, 0.00309757356737
2793, 0.0036138358286
2794, 0.00387196695922
2795, 0.00258131130614
2796, 0.00103252452246
2797, 0.00335570469799
2798, 0.00206504904491
2799, 0.00154878678369
2800, 0.00258131130614
2801, 0.00929272070212
2802, 0.00800206504904
2803, 0.00516262261229
2804, 0.00619514713474
2805, 0.00877645844089
2806, 0.00645327826536
2807, 0.000516262261229
2808, 0.00335570469799
2809, 0.00206504904491
2810, 0.000516262261229
2811, 0.00464636035106
2812, 0.00258131130614
2813, 0.0036138358286
2814, 0.00645327826536
2815, 0.00645327826536
2816, 0.00309757356737
2817, 0.00387196695922
2818, 0.00232318017553
2819, 0.00258131130614
2820, 0.0018069179143
2821, 0.00258131130614
2822, 0.00696954052659
2823, 0.00774393391843
2824, 0.00490449148167
2825, 0.00283944243676
2826, 0.00309757356737
2827, 0.00335570469799
2828, 0.00851832731027
2829, 0.00283944243676
2830, 0.00826019617966
2831, 0.00335570469799
2832, 0.00826019617966
2833, 0.00232318017553
2834, 0.00232318017553
2835, 0.00206504904491
2836, 0.00129065565307
2837, 0.00851832731027
2838, 0.00335570469799
2839, 0.00154878678369
2840, 0.00103252452246
2841, 0.00593701600413
2842, 0.00129065565307
2843, 0.00877645844089
2844, 0.00232318017553
2845, 0.00232318017553
2846, 0.00232318017553
2847, 0.00103252452246
2848, 0.00671140939597
2849, 0.0018069179143
2850, 0.00258131130614
2851, 0.00154878678369
2852, 0.00800206504904
2853, 0.00567888487352
2854, 0.00129065565307
2855, 0.0018069179143
2856, 0.0018069179143
2857, 0.00103252452246
2858, 0.00206504904491
2859, 0.00206504904491
2860, 0.00774393391843
2861, 0.00232318017553
2862, 0.00464636035106
2863, 0.00154878678369
2864, 0.00335570469799
2865, 0.00154878678369
2866, 0.00283944243676
2867, 0.00645327826536
2868, 0.00335570469799
2869, 0.000774393391843
2870, 0.00645327826536
2871, 0.00516262261229
2872, 0.0018069179143
2873, 0.00696954052659
2874, 0.00232318017553
2875, 0.0036138358286
2876, 0.00619514713474
2877, 0.00206504904491
2878, 0.00232318017553
2879, 0.00154878678369
2880, 0.00567888487352
2881, 0.00283944243676
2882, 0.00129065565307
2883, 0.00283944243676
2884, 0.00258131130614
2885, 0.000774393391843
2886, 0.00258131130614
2887, 0.00129065565307
2888, 0.00103252452246
2889, 0.00129065565307
2890, 0.00154878678369
2891, 0.00826019617966
2892, 0.00154878678369
2893, 0.00309757356737
2894, 0.00645327826536
2895, 0.0054207537429
2896, 0.0018069179143
2897, 0.00258131130614
2898, 0.00619514713474
2899, 0.00258131130614
2900, 0.00645327826536
2901, 0.00335570469799
2902, 0.00283944243676
2903, 0.00851832731027
2904, 0.00232318017553
2905, 0.00258131130614
2906, 0.00309757356737
2907, 0.00309757356737
2908, 0.00258131130614
2909, 0.00206504904491
2910, 0.00309757356737
2911, 0.00258131130614
2912, 0.00593701600413
2913, 0.00206504904491
2914, 0.00645327826536
2915, 0.00232318017553
2916, 0.00645327826536
2917, 0.00103252452246
2918, 0.00258131130614
2919, 0.00154878678369
2920, 0.00232318017553
2921, 0.000774393391843
2922, 0.00671140939597
2923, 0.00619514713474
2924, 0.00387196695922
2925, 0.00232318017553
2926, 0.00335570469799
2927, 0.0018069179143
2928, 0.00593701600413
2929, 0.00696954052659
2930, 0.00154878678369
2931, 0.00103252452246
2932, 0.00619514713474
2933, 0.00154878678369
2934, 0.00671140939597
2935, 0.00335570469799
2936, 0.00258131130614
2937, 0.00877645844089
2938, 0.00258131130614
2939, 0.00309757356737
2940, 0.00232318017553
2941, 0.00309757356737
2942, 0.00309757356737
2943, 0.00774393391843
2944, 0.00258131130614
2945, 0.00154878678369
2946, 0.00154878678369
2947, 0.00232318017553
2948, 0.00696954052659
2949, 0.0072276716572
2950, 0.00645327826536
2951, 0.00283944243676
2952, 0.00232318017553
2953, 0.000774393391843
2954, 0.00671140939597
2955, 0.00103252452246
2956, 0.00671140939597
2957, 0.0018069179143
2958, 0.00283944243676
2959, 0.00696954052659
2960, 0.00206504904491
2961, 0.00154878678369
2962, 0.00232318017553
2963, 0.00258131130614
2964, 0.00309757356737
2965, 0.00206504904491
2966, 0.00129065565307
2967, 0.00335570469799
2968, 0.000774393391843
2969, 0.00103252452246
2970, 0.00206504904491
2971, 0.00283944243676
2972, 0.00593701600413
2973, 0.00129065565307
2974, 0.00283944243676
2975, 0.00645327826536
2976, 0.0072276716572
2977, 0.00206504904491
2978, 0.00851832731027
2979, 0.00309757356737
2980, 0.00103252452246
2981, 0.00258131130614
2982, 0.0018069179143
2983, 0.00258131130614
2984, 0.0018069179143
2985, 0.00232318017553
2986, 0.00206504904491
2987, 0.00335570469799
2988, 0.00258131130614
2989, 0.00154878678369
2990, 0.00696954052659
2991, 0.00748580278782
2992, 0.0036138358286
2993, 0.00283944243676
2994, 0.00258131130614
2995, 0.00593701600413
2996, 0.00645327826536
2997, 0.00154878678369
2998, 0.00464636035106
2999, 0.00232318017553
3000, 0.00283944243676
3001, 0.00206504904491
3002, 0.00103252452246
3003, 0.000774393391843
3004, 0.00283944243676
3005, 0.0036138358286
3006, 0.0018069179143
3007, 0.00103252452246
3008, 0.00103252452246
3009, 0.000516262261229
3010, 0.00129065565307
3011, 0.00283944243676
3012, 0.00309757356737
3013, 0.00748580278782
3014, 0.00619514713474
3015, 0.00309757356737
3016, 0.00258131130614
3017, 0.00258131130614
3018, 0.00335570469799
3019, 0.00774393391843
3020, 0.00154878678369
3021, 0.00129065565307
3022, 0.00283944243676
3023, 0.00929272070212
3024, 0.00877645844089
3025, 0.00387196695922
3026, 0.00516262261229
3027, 0.00283944243676
3028, 0.00283944243676
3029, 0.00232318017553
3030, 0.00258131130614
3031, 0.00103252452246
3032, 0.000774393391843
3033, 0.00232318017553
3034, 0.00283944243676
3035, 0.000774393391843
3036, 0.00103252452246
3037, 0.00258131130614
3038, 0.00129065565307
3039, 0.00154878678369
3040, 0.00154878678369
3041, 0.00283944243676
3042, 0.00283944243676
3043, 0.00154878678369
3044, 0.00258131130614
3045, 0.00206504904491
3046, 0.000516262261229
3047, 0.0036138358286
3048, 0.00283944243676
3049, 0.0036138358286
3050, 0.00619514713474
3051, 0.00619514713474
3052, 0.00232318017553
3053, 0.00645327826536
3054, 0.00619514713474
3055, 0.00206504904491
3056, 0.00645327826536
3057, 0.000774393391843
3058, 0.00129065565307
3059, 0.00154878678369
3060, 0.00283944243676
3061, 0.00671140939597
3062, 0.00696954052659
3063, 0.00283944243676
3064, 0.00206504904491
3065, 0.00258131130614
3066, 0.00851832731027
3067, 0.0018069179143
3068, 0.00877645844089
3069, 0.00309757356737
3070, 0.00877645844089
3071, 0.0018069179143
3072, 0.00671140939597
3073, 0.00206504904491
3074, 0.00283944243676
3075, 0.00309757356737
3076, 0.00206504904491
3077, 0.00206504904491
3078, 0.00232318017553
3079, 0.00309757356737
3080, 0.0036138358286
3081, 0.00283944243676
3082, 0.00516262261229
3083, 0.000516262261229
3084, 0.000516262261229
3085, 0.00283944243676
3086, 0.0036138358286
3087, 0.00258131130614
3088, 0.0018069179143
3089, 0.0018069179143
3090, 0.000258131130614
3091, 0.0036138358286
3092, 0.00335570469799
3093, 0.0072276716572
3094, 0.00206504904491
3095, 0.000774393391843
3096, 0.0018069179143
3097, 0.00232318017553
3098, 0.00645327826536
3099, 0.00206504904491
3100, 0.00619514713474
3101, 0.0018069179143
3102, 0.0018069179143
3103, 0.00309757356737
3104, 0.00206504904491
3105, 0.00387196695922
3106, 0.00258131130614
3107, 0.00232318017553
3108, 0.00800206504904
3109, 0.00335570469799
3110, 0.00800206504904
3111, 0.00232318017553
3112, 0.00154878678369
3113, 0.000774393391843
3114, 0.00129065565307
3115, 0.00129065565307
3116, 0.00696954052659
3117, 0.00258131130614
3118, 0.00232318017553
3119, 0.00154878678369
3120, 0.00232318017553
3121, 0.000516262261229
3122, 0.00309757356737
3123, 0.00232318017553
3124, 0.00258131130614
3125, 0.00464636035106
3126, 0.00154878678369
3127, 0.00206504904491
3128, 0.0123902942695
3129, 0.0018069179143
3130, 0.00258131130614
3131, 0.00129065565307
3132, 0.00206504904491
3133, 0.00258131130614
3134, 0.00129065565307
3135, 0.0054207537429
3136, 0.0054207537429
3137, 0.00232318017553
3138, 0.0072276716572
3139, 0.0018069179143
3140, 0.000774393391843
3141, 0.00593701600413
3142, 0.0018069179143
3143, 0.0018069179143
3144, 0.00129065565307
3145, 0.00258131130614
3146, 0.00129065565307
3147, 0.00696954052659
3148, 0.00129065565307
3149, 0.000774393391843
3150, 0.00619514713474
3151, 0.00309757356737
3152, 0.00232318017553
3153, 0.00309757356737
3154, 0.00283944243676
3155, 0.00283944243676
3156, 0.00232318017553
3157, 0.00206504904491
3158, 0.00464636035106
3159, 0.0018069179143
3160, 0.00438822922044
3161, 0.00774393391843
3162, 0.000774393391843
3163, 0.00232318017553
3164, 0.00748580278782
3165, 0.000258131130614
3166, 0.00206504904491
3167, 0.00206504904491
3168, 0.00671140939597
3169, 0.0018069179143
3170, 0.00309757356737
3171, 0.00593701600413
3172, 0.000774393391843
3173, 0.00748580278782
3174, 0.00258131130614
3175, 0.0018069179143
3176, 0.00232318017553
3177, 0.000516262261229
3178, 0.00851832731027
3179, 0.000774393391843
3180, 0.00129065565307
3181, 0.00696954052659
3182, 0.0036138358286
3183, 0.00154878678369
3184, 0.00258131130614
3185, 0.00851832731027
3186, 0.00103252452246
3187, 0.00206504904491
3188, 0.00232318017553
3189, 0.00567888487352
3190, 0.000516262261229
3191, 0.00129065565307
3192, 0.000774393391843
3193, 0.000774393391843
3194, 0.00413009808983
3195, 0.00129065565307
3196, 0.00129065565307
3197, 0.00154878678369
3198, 0.00206504904491
3199, 0.00232318017553
3200, 0.00645327826536
3201, 0.00206504904491
3202, 0.00129065565307
3203, 0.00232318017553
3204, 0.00232318017553
3205, 0.00154878678369
3206, 0.00309757356737
3207, 0.00387196695922
3208, 0.00645327826536
3209, 0.000258131130614
3210, 0.0018069179143
3211, 0.00387196695922
3212, 0.0036138358286
3213, 0.00413009808983
3214, 0.00129065565307
3215, 0.00232318017553
3216, 0.00232318017553
3217, 0.00103252452246
3218, 0.00129065565307
3219, 0.00232318017553
3220, 0.00283944243676
3221, 0.00206504904491
3222, 0.00258131130614
3223, 0.00206504904491
3224, 0.00129065565307
3225, 0.0072276716572
3226, 0.00283944243676
3227, 0.00413009808983
3228, 0.0018069179143
3229, 0.00335570469799
3230, 0.00283944243676
3231, 0.00206504904491
3232, 0.00283944243676
3233, 0.00413009808983
3234, 0.00154878678369
3235, 0.00309757356737
3236, 0.00232318017553
3237, 0.000258131130614
3238, 0.00387196695922
3239, 0.00129065565307
3240, 0.00206504904491
3241, 0.00258131130614
3242, 0.00929272070212
3243, 0.00154878678369
3244, 0.00696954052659
3245, 0.00206504904491
3246, 0.00413009808983
3247, 0.000774393391843
3248, 0.00154878678369
3249, 0.00258131130614
3250, 0.00309757356737
3251, 0.00309757356737
3252, 0.00206504904491
3253, 0.000774393391843
3254, 0.000774393391843
3255, 0.00232318017553
3256, 0.00258131130614
3257, 0.00206504904491
3258, 0.00258131130614
3259, 0.00387196695922
3260, 0.00387196695922
3261, 0.00103252452246
3262, 0.00129065565307
3263, 0.000774393391843
3264, 0.000774393391843
3265, 0.00232318017553
3266, 0.00309757356737
3267, 0.00232318017553
3268, 0.00232318017553
3269, 0.00413009808983
3270, 0.00154878678369
3271, 0.00232318017553
3272, 0.00774393391843
3273, 0.00258131130614
3274, 0.00335570469799
3275, 0.00671140939597
3276, 0.00129065565307
3277, 0.00851832731027
3278, 0.00258131130614
3279, 0.00103252452246
3280, 0.0018069179143
3281, 0.00335570469799
3282, 0.00232318017553
3283, 0.0018069179143
3284, 0.00103252452246
3285, 0.00877645844089
3286, 0.00258131130614
3287, 0.00258131130614
3288, 0.00671140939597
3289, 0.000774393391843
3290, 0.00335570469799
3291, 0.00154878678369
3292, 0.000774393391843
3293, 0.00232318017553
3294, 0.00206504904491
3295, 0.0072276716572
3296, 0.00103252452246
3297, 0.00154878678369
3298, 0.00283944243676
3299, 0.000516262261229
3300, 0.00206504904491
3301, 0.00283944243676
3302, 0.00258131130614
3303, 0.00232318017553
3304, 0.00283944243676
3305, 0.00258131130614
3306, 0.00206504904491
3307, 0.00206504904491
3308, 0.00154878678369
3309, 0.00258131130614
3310, 0.00232318017553
3311, 0.00258131130614
3312, 0.000774393391843
3313, 0.00258131130614
3314, 0.00206504904491
3315, 0.00154878678369
3316, 0.0018069179143
3317, 0.00335570469799
3318, 0.00154878678369
3319, 0.00929272070212
3320, 0.00154878678369
3321, 0.00154878678369
3322, 0.0036138358286
3323, 0.0018069179143
3324, 0.0072276716572
3325, 0.00309757356737
3326, 0.00258131130614
3327, 0.0018069179143
3328, 0.00154878678369
3329, 0.00154878678369
3330, 0.00335570469799
3331, 0.0018069179143
3332, 0.000774393391843
3333, 0.00206504904491
3334, 0.00154878678369
3335, 0.00154878678369
3336, 0.00232318017553
3337, 0.00258131130614
3338, 0.000516262261229
3339, 0.00438822922044
3340, 0.0018069179143
3341, 0.00748580278782
3342, 0.0018069179143
3343, 0.000774393391843
3344, 0.00154878678369
3345, 0.00206504904491
3346, 0.00206504904491
3347, 0.00206504904491
3348, 0.000516262261229
3349, 0.00232318017553
3350, 0.00206504904491
3351, 0.000258131130614
3352, 0.000774393391843
3353, 0.0018069179143
3354, 0.000774393391843
3355, 0.00232318017553
3356, 0.00258131130614
3357, 0.00232318017553
3358, 0.00232318017553
3359, 0.00103252452246
3360, 0.00206504904491
3361, 0.00129065565307
3362, 0.00206504904491
3363, 0.00232318017553
3364, 0.000258131130614
3365, 0.00129065565307
3366, 0.0018069179143
3367, 0.00258131130614
3368, 0.00232318017553
3369, 0.00258131130614
3370, 0.00309757356737
3371, 0.00258131130614
3372, 0.00232318017553
3373, 0.00154878678369
3374, 0.00232318017553
3375, 0.00103252452246
3376, 0.000774393391843
3377, 0.00206504904491
3378, 0.0054207537429
3379, 0.00283944243676
3380, 0.000516262261229
3381, 0.00129065565307
3382, 0.000774393391843
3383, 0.00103252452246
3384, 0.00258131130614
3385, 0.00154878678369
3386, 0.000258131130614
3387, 0.00103252452246
3388, 0.00206504904491
3389, 0.00774393391843
3390, 0.00490449148167
3391, 0.0018069179143
3392, 0.0018069179143
3393, 0.00413009808983
3394, 0.00258131130614
3395, 0.000774393391843
3396, 0.00464636035106
3397, 0.00232318017553
3398, 0.00232318017553
3399, 0.00154878678369
3400, 0.00309757356737
3401, 0.00103252452246
3402, 0.00206504904491
3403, 0.000774393391843
3404, 0.00283944243676
3405, 0.00258131130614
3406, 0.000258131130614
3407, 0.000774393391843
3408, 0.000516262261229
3409, 0.00232318017553
3410, 0.00154878678369
3411, 0.00103252452246
3412, 0.00283944243676
3413, 0.00129065565307
3414, 0.00309757356737
3415, 0.000516262261229
3416, 0.00154878678369
3417, 0.00258131130614
3418, 0.00593701600413
3419, 0.00232318017553
3420, 0.00103252452246
3421, 0.0018069179143
3422, 0.0018069179143
3423, 0.000774393391843
3424, 0.000774393391843
3425, 0.000774393391843
3426, 0.000258131130614
3427, 0.00103252452246
3428, 0.00826019617966
3429, 0.000774393391843
3430, 0.00103252452246
3431, 0.000774393391843
3432, 0.000774393391843
3433, 0.00232318017553
3434, 0.000774393391843
3435, 0.00206504904491
3436, 0.00206504904491
3437, 0.00309757356737
3438, 0.00154878678369
3439, 0.00309757356737
3440, 0.0018069179143
3441, 0.0018069179143
3442, 0.00154878678369
3443, 0.0018069179143
3444, 0.00232318017553
3445, 0.00206504904491
3446, 0.00154878678369
3447, 0.00283944243676
3448, 0.000258131130614
3449, 0.00309757356737
3450, 0.00309757356737
3451, 0.00154878678369
3452, 0.0018069179143
3453, 0.0018069179143
3454, 0.00335570469799
3455, 0.00258131130614
3456, 0.00154878678369
3457, 0.00154878678369
3458, 0.00103252452246
3459, 0.000516262261229
3460, 0.00232318017553
3461, 0.00283944243676
3462, 0.00206504904491
3463, 0.000516262261229
3464, 0.000774393391843
3465, 0.00206504904491
3466, 0.00258131130614
3467, 0.00154878678369
3468, 0.000258131130614
3469, 0.00129065565307
3470, 0.00283944243676
3471, 0.00258131130614
3472, 0.0018069179143
3473, 0.00309757356737
3474, 0.00206504904491
3475, 0.0018069179143
3476, 0.00103252452246
3477, 0.00335570469799
3478, 0.00232318017553
3479, 0.00283944243676
3480, 0.00103252452246
3481, 0.00129065565307
3482, 0.00129065565307
3483, 0.00154878678369
3484, 0.00154878678369
3485, 0.00283944243676
3486, 0.000774393391843
3487, 0.00232318017553
3488, 0.0018069179143
3489, 0.000774393391843
3490, 0.00129065565307
3491, 0.00129065565307
3492, 0.00206504904491
3493, 0.000774393391843
3494, 0.00283944243676
3495, 0.0036138358286
3496, 0.00413009808983
3497, 0.00129065565307
3498, 0.00154878678369
3499, 0.000774393391843
3500, 0.00309757356737
3501, 0.000774393391843
3502, 0.0018069179143
3503, 0.00103252452246
3504, 0.000516262261229
3505, 0.00258131130614
3506, 0.0018069179143
3507, 0.00438822922044
3508, 0.000516262261229
3509, 0.000774393391843
3510, 0.000774393391843
3511, 0.00567888487352
3512, 0.00258131130614
3513, 0.00206504904491
3514, 0.00206504904491
3515, 0.00129065565307
3516, 0.000516262261229
3517, 0.00232318017553
3518, 0.00232318017553
3519, 0.000774393391843
3520, 0.00206504904491
3521, 0.00154878678369
3522, 0.000258131130614
3523, 0.000516262261229
3524, 0.000774393391843
3525, 0.000516262261229
3526, 0.00258131130614
3527, 0.000258131130614
3528, 0.000774393391843
3529, 0.00103252452246
3530, 0.00103252452246
3531, 0.000774393391843
3532, 0.00206504904491
3533, 0.00154878678369
3534, 0.00154878678369
3535, 0.000516262261229
3536, 0.00309757356737
3537, 0.0018069179143
3538, 0.00129065565307
3539, 0.0018069179143
3540, 0.00206504904491
3541, 0.00129065565307
3542, 0.00154878678369
3543, 0.00103252452246
3544, 0.000774393391843
3545, 0.000516262261229
3546, 0.00103252452246
3547, 0.00309757356737
3548, 0.00258131130614
3549, 0.00154878678369
3550, 0.000774393391843
3551, 0.00232318017553
3552, 0.00154878678369
3553, 0.00232318017553
3554, 0.00103252452246
3555, 0.00129065565307
3556, 0.000516262261229
3557, 0.0018069179143
3558, 0.00232318017553
3559, 0.00103252452246
3560, 0.0018069179143
3561, 0.00103252452246
3562, 0.00258131130614
3563, 0.00154878678369
3564, 0.00103252452246
3565, 0.0018069179143
3566, 0.00154878678369
3567, 0.0036138358286
3568, 0.0072276716572
3569, 0.000516262261229
3570, 0.000774393391843
3571, 0.000516262261229
3572, 0.00103252452246
3573, 0.00154878678369
3574, 0.000516262261229
3575, 0.00129065565307
3576, 0.000774393391843
3577, 0.00593701600413
3578, 0.00129065565307
3579, 0.000774393391843
3580, 0.0018069179143
3581, 0.0018069179143
3582, 0.0018069179143
3583, 0.000774393391843
3584, 0.00258131130614
3585, 0.00129065565307
3586, 0.0018069179143
3587, 0.000516262261229
3588, 0.00103252452246
3589, 0.00129065565307
3590, 0.00206504904491
3591, 0.000258131130614
3592, 0.00154878678369
3593, 0.00129065565307
3594, 0.00206504904491
3595, 0.00129065565307
3596, 0.00129065565307
3597, 0.000774393391843
3598, 0.00129065565307
3599, 0.00206504904491
3600, 0.00154878678369
3601, 0.00232318017553
3602, 0.000258131130614
3603, 0.00154878678369
3604, 0.00103252452246
3605, 0.0018069179143
3606, 0.00154878678369
3607, 0.00335570469799
3608, 0.00129065565307
3609, 0.0018069179143
3610, 0.00103252452246
3611, 0.000774393391843
3612, 0.00154878678369
3613, 0.00206504904491
3614, 0.00206504904491
3615, 0.000516262261229
3616, 0.00103252452246
3617, 0.000516262261229
3618, 0.00103252452246
3619, 0.00232318017553
3620, 0.000516262261229
3621, 0.00103252452246
3622, 0.00103252452246
3623, 0.00154878678369
3624, 0.00103252452246
3625, 0.00283944243676
3626, 0.000774393391843
3627, 0.000516262261229
3628, 0.0018069179143
3629, 0.00103252452246
3630, 0.000516262261229
3631, 0.0018069179143
3632, 0.00232318017553
3633, 0.00103252452246
3634, 0.00232318017553
3635, 0.00309757356737
3636, 0.000516262261229
3637, 0.000258131130614
3638, 0.00206504904491
3639, 0.00258131130614
3640, 0.00103252452246
3641, 0.000516262261229
3642, 0.00129065565307
3643, 0.000258131130614
3644, 0.00283944243676
3645, 0.000258131130614
3646, 0.000774393391843
3647, 0.00129065565307
3648, 0.00103252452246
3649, 0.0036138358286
3650, 0.00206504904491
3651, 0.00103252452246
3652, 0.00103252452246
3653, 0.000774393391843
3654, 0.00103252452246
3655, 0.0018069179143
3656, 0.00283944243676
3657, 0.00154878678369
3658, 0.00283944243676
3659, 0.000774393391843
3660, 0.00283944243676
3661, 0.000774393391843
3662, 0.000774393391843
3663, 0.000516262261229
3664, 0.00129065565307
3665, 0.00103252452246
3666, 0.00283944243676
3667, 0.00103252452246
3668, 0.0018069179143
3669, 0.00232318017553
3670, 0.00258131130614
3671, 0.000516262261229
3672, 0.000516262261229
3673, 0.00154878678369
3674, 0.000774393391843
3675, 0.00206504904491
3676, 0.00154878678369
3677, 0.000774393391843
3678, 0.00258131130614
3679, 0.00103252452246
3680, 0.00206504904491
3681, 0.00232318017553
3682, 0.000774393391843
3683, 0.000774393391843
3684, 0.000516262261229
3685, 0.0036138358286
3686, 0.000774393391843
3687, 0.000516262261229
3688, 0.000774393391843
3689, 0.000516262261229
3690, 0.00309757356737
3691, 0.00154878678369
3692, 0.0018069179143
3693, 0.00103252452246
3694, 0.00283944243676
3695, 0.00283944243676
3696, 0.00129065565307
3697, 0.00129065565307
3698, 0.000774393391843
3699, 0.000774393391843
3700, 0.00129065565307
3701, 0.000774393391843
3702, 0.00206504904491
3703, 0.000774393391843
3704, 0.00129065565307
3705, 0.000774393391843
3706, 0.000516262261229
3707, 0.000516262261229
3708, 0.0018069179143
3709, 0.000774393391843
3710, 0.00283944243676
3711, 0.00206504904491
3712, 0.00206504904491
3713, 0.000258131130614
3714, 0.00232318017553
3715, 0.000258131130614
3716, 0.0018069179143
3717, 0.000774393391843
3718, 0.00232318017553
3719, 0.000774393391843
3720, 0.00103252452246
3721, 0.000774393391843
3722, 0.000774393391843
3723, 0.00103252452246
3724, 0.000516262261229
3725, 0.00258131130614
3726, 0.000774393391843
3727, 0.000774393391843
3728, 0.00103252452246
3729, 0.00283944243676
3730, 0.000516262261229
3731, 0.00258131130614
3732, 0.00103252452246
3733, 0.00206504904491
3734, 0.00154878678369
3735, 0.00206504904491
3736, 0.00103252452246
3737, 0.000516262261229
3738, 0.000516262261229
3739, 0.00103252452246
3740, 0.00103252452246
3741, 0.00206504904491
3742, 0.000774393391843
3743, 0.00206504904491
3744, 0.00103252452246
3745, 0.000258131130614
3746, 0.00129065565307
3747, 0.000774393391843
3748, 0.000774393391843
3749, 0.00103252452246
3750, 0.0018069179143
3751, 0.00103252452246
3752, 0.000774393391843
3753, 0.00206504904491
3754, 0.00129065565307
3755, 0.000774393391843
3756, 0.00154878678369
3757, 0.00129065565307
3758, 0.00103252452246
3759, 0.00206504904491
3760, 0.00154878678369
3761, 0.000258131130614
3762, 0.00154878678369
3763, 0.000258131130614
3764, 0.000516262261229
3765, 0.000516262261229
3766, 0.00129065565307
3767, 0.00129065565307
3768, 0.000258131130614
3769, 0.000774393391843
3770, 0.00129065565307
3771, 0.000516262261229
3772, 0.000774393391843
3773, 0.00154878678369
3774, 0.000516262261229
3775, 0.00258131130614
3776, 0.000516262261229
3777, 0.000774393391843
3778, 0.00154878678369
3779, 0.000516262261229
3780, 0.000258131130614
3781, 0.000258131130614
3782, 0.000258131130614
3783, 0.00129065565307
3784, 0.000516262261229
3785, 0.000516262261229
3786, 0.000516262261229
3787, 0.000258131130614
3788, 0.000516262261229
3789, 0.00129065565307
3790, 0.000258131130614
3791, 0.000516262261229
3792, 0.000774393391843
3793, 0.000516262261229
3794, 0.000774393391843
3795, 0.000774393391843
3796, 0.000516262261229
3797, 0.000258131130614
3798, 0.000516262261229
3799, 0.000258131130614
3800, 0.000774393391843
3801, 0.00129065565307
3802, 0.00129065565307
3803, 0.000516262261229
3804, 0.0018069179143
3805, 0.00206504904491
3806, 0.000258131130614
3807, 0.000774393391843
3808, 0.000258131130614
3809, 0.00103252452246
3810, 0.000258131130614
3811, 0.000516262261229
3812, 0.000258131130614
3813, 0.000774393391843
3814, 0.000516262261229
3815, 0.000516262261229
3816, 0.000774393391843
3817, 0.000258131130614
3818, 0.00103252452246
3819, 0.000774393391843
3820, 0.000774393391843
3821, 0.00103252452246
3822, 0.000258131130614
3823, 0.000516262261229
3824, 0.00103252452246
3825, 0.00103252452246
3826, 0.000258131130614
3827, 0.00103252452246
3828, 0.0018069179143
3829, 0.000774393391843
3830, 0.000258131130614
3831, 0.000258131130614
3832, 0.000516262261229
3833, 0.000516262261229
3834, 0.000516262261229
3835, 0.000258131130614
3836, 0.000258131130614
3837, 0.000258131130614
3838, 0.000516262261229
3839, 0.00103252452246
3840, 0.000258131130614
3841, 0.00103252452246
3842, 0.000258131130614
3843, 0.000258131130614
3844, 0.000516262261229
3845, 0.000516262261229
3846, 0.000258131130614
3847, 0.000774393391843
3848, 0.000774393391843
3849, 0.000516262261229
3850, 0.000258131130614
3851, 0.000258131130614
3852, 0.000516262261229
3853, 0.000516262261229
3854, 0.000516262261229
3855, 0.000258131130614
3856, 0.000774393391843
3857, 0.000258131130614
3858, 0.000258131130614
3859, 0.000258131130614
3860, 0.000258131130614
3861, 0.000258131130614
3862, 0.000258131130614
3863, 0.000258131130614
3864, 0.000258131130614
3865, 0.000774393391843
3866, 0.000258131130614
3867, 0.000258131130614
3868, 0.000258131130614
3869, 0.000258131130614
3870, 0.000258131130614
3871, 0.000258131130614
3872, 0.000258131130614
3873, 0.000258131130614
